1025
640
   0.000000   0.000000   0.000000
   0.250000   0.000000   0.000000
   0.500000   0.000000   0.000000
   0.750000   0.000000   0.000000
   1.000000   0.000000   0.000000
   1.250000   0.000000   0.000000
   1.500000   0.000000   0.000000
   1.750000   0.000000   0.000000
   2.000000   0.000000   0.000000
   2.250000   0.000000   0.000000
   2.500000   0.000000   0.000000
   2.750000   0.000000   0.000000
   3.000000   0.000000   0.000000
   3.250000   0.000000   0.000000
   3.500000   0.000000   0.000000
   3.750000   0.000000   0.000000
   4.000000   0.000000   0.000000
   4.250000   0.000000   0.000000
   4.500000   0.000000   0.000000
   4.750000   0.000000   0.000000
   5.000000   0.000000   0.000000
   5.250000   0.000000   0.000000
   5.500000   0.000000   0.000000
   5.750000   0.000000   0.000000
   6.000000   0.000000   0.000000
   6.250000   0.000000   0.000000
   6.500000   0.000000   0.000000
   6.750000   0.000000   0.000000
   7.000000   0.000000   0.000000
   7.250000   0.000000   0.000000
   7.500000   0.000000   0.000000
   7.750000   0.000000   0.000000
   8.000000   0.000000   0.000000
   8.250000   0.000000   0.000000
   8.500000   0.000000   0.000000
   8.750000   0.000000   0.000000
   9.000000   0.000000   0.000000
   9.250000   0.000000   0.000000
   9.500000   0.000000   0.000000
   9.750000   0.000000   0.000000
  10.000000   0.000000   0.000000
   0.000000   0.250000   0.000000
   0.250000   0.250000   0.000000
   0.500000   0.250000   0.000000
   0.750000   0.250000   0.000000
   1.000000   0.250000   0.000000
   1.250000   0.250000   0.000000
   1.500000   0.250000   0.000000
   1.750000   0.250000   0.000000
   2.000000   0.250000   0.000000
   2.250000   0.250000   0.000000
   2.500000   0.250000   0.000000
   2.750000   0.250000   0.000000
   3.000000   0.250000   0.000000
   3.250000   0.250000   0.000000
   3.500000   0.250000   0.000000
   3.750000   0.250000   0.000000
   4.000000   0.250000   0.000000
   4.250000   0.250000   0.000000
   4.500000   0.250000   0.000000
   4.750000   0.250000   0.000000
   5.000000   0.250000   0.000000
   5.250000   0.250000   0.000000
   5.500000   0.250000   0.000000
   5.750000   0.250000   0.000000
   6.000000   0.250000   0.000000
   6.250000   0.250000   0.000000
   6.500000   0.250000   0.000000
   6.750000   0.250000   0.000000
   7.000000   0.250000   0.000000
   7.250000   0.250000   0.000000
   7.500000   0.250000   0.000000
   7.750000   0.250000   0.000000
   8.000000   0.250000   0.000000
   8.250000   0.250000   0.000000
   8.500000   0.250000   0.000000
   8.750000   0.250000   0.000000
   9.000000   0.250000   0.000000
   9.250000   0.250000   0.000000
   9.500000   0.250000   0.000000
   9.750000   0.250000   0.000000
  10.000000   0.250000   0.000000
   0.000000   0.500000   0.000000
   0.250000   0.500000   0.000000
   0.500000   0.500000   0.000000
   0.750000   0.500000   0.000000
   1.000000   0.500000   0.000000
   1.250000   0.500000   0.000000
   1.500000   0.500000   0.000000
   1.750000   0.500000   0.000000
   2.000000   0.500000   0.000000
   2.250000   0.500000   0.000000
   2.500000   0.500000   0.000000
   2.750000   0.500000   0.000000
   3.000000   0.500000   0.000000
   3.250000   0.500000   0.000000
   3.500000   0.500000   0.000000
   3.750000   0.500000   0.000000
   4.000000   0.500000   0.000000
   4.250000   0.500000   0.000000
   4.500000   0.500000   0.000000
   4.750000   0.500000   0.000000
   5.000000   0.500000   0.000000
   5.250000   0.500000   0.000000
   5.500000   0.500000   0.000000
   5.750000   0.500000   0.000000
   6.000000   0.500000   0.000000
   6.250000   0.500000   0.000000
   6.500000   0.500000   0.000000
   6.750000   0.500000   0.000000
   7.000000   0.500000   0.000000
   7.250000   0.500000   0.000000
   7.500000   0.500000   0.000000
   7.750000   0.500000   0.000000
   8.000000   0.500000   0.000000
   8.250000   0.500000   0.000000
   8.500000   0.500000   0.000000
   8.750000   0.500000   0.000000
   9.000000   0.500000   0.000000
   9.250000   0.500000   0.000000
   9.500000   0.500000   0.000000
   9.750000   0.500000   0.000000
  10.000000   0.500000   0.000000
   0.000000   0.750000   0.000000
   0.250000   0.750000   0.000000
   0.500000   0.750000   0.000000
   0.750000   0.750000   0.000000
   1.000000   0.750000   0.000000
   1.250000   0.750000   0.000000
   1.500000   0.750000   0.000000
   1.750000   0.750000   0.000000
   2.000000   0.750000   0.000000
   2.250000   0.750000   0.000000
   2.500000   0.750000   0.000000
   2.750000   0.750000   0.000000
   3.000000   0.750000   0.000000
   3.250000   0.750000   0.000000
   3.500000   0.750000   0.000000
   3.750000   0.750000   0.000000
   4.000000   0.750000   0.000000
   4.250000   0.750000   0.000000
   4.500000   0.750000   0.000000
   4.750000   0.750000   0.000000
   5.000000   0.750000   0.000000
   5.250000   0.750000   0.000000
   5.500000   0.750000   0.000000
   5.750000   0.750000   0.000000
   6.000000   0.750000   0.000000
   6.250000   0.750000   0.000000
   6.500000   0.750000   0.000000
   6.750000   0.750000   0.000000
   7.000000   0.750000   0.000000
   7.250000   0.750000   0.000000
   7.500000   0.750000   0.000000
   7.750000   0.750000   0.000000
   8.000000   0.750000   0.000000
   8.250000   0.750000   0.000000
   8.500000   0.750000   0.000000
   8.750000   0.750000   0.000000
   9.000000   0.750000   0.000000
   9.250000   0.750000   0.000000
   9.500000   0.750000   0.000000
   9.750000   0.750000   0.000000
  10.000000   0.750000   0.000000
   0.000000   1.000000   0.000000
   0.250000   1.000000   0.000000
   0.500000   1.000000   0.000000
   0.750000   1.000000   0.000000
   1.000000   1.000000   0.000000
   1.250000   1.000000   0.000000
   1.500000   1.000000   0.000000
   1.750000   1.000000   0.000000
   2.000000   1.000000   0.000000
   2.250000   1.000000   0.000000
   2.500000   1.000000   0.000000
   2.750000   1.000000   0.000000
   3.000000   1.000000   0.000000
   3.250000   1.000000   0.000000
   3.500000   1.000000   0.000000
   3.750000   1.000000   0.000000
   4.000000   1.000000   0.000000
   4.250000   1.000000   0.000000
   4.500000   1.000000   0.000000
   4.750000   1.000000   0.000000
   5.000000   1.000000   0.000000
   5.250000   1.000000   0.000000
   5.500000   1.000000   0.000000
   5.750000   1.000000   0.000000
   6.000000   1.000000   0.000000
   6.250000   1.000000   0.000000
   6.500000   1.000000   0.000000
   6.750000   1.000000   0.000000
   7.000000   1.000000   0.000000
   7.250000   1.000000   0.000000
   7.500000   1.000000   0.000000
   7.750000   1.000000   0.000000
   8.000000   1.000000   0.000000
   8.250000   1.000000   0.000000
   8.500000   1.000000   0.000000
   8.750000   1.000000   0.000000
   9.000000   1.000000   0.000000
   9.250000   1.000000   0.000000
   9.500000   1.000000   0.000000
   9.750000   1.000000   0.000000
  10.000000   1.000000   0.000000
   0.000000   0.000000   0.250000
   0.250000   0.000000   0.250000
   0.500000   0.000000   0.250000
   0.750000   0.000000   0.250000
   1.000000   0.000000   0.250000
   1.250000   0.000000   0.250000
   1.500000   0.000000   0.250000
   1.750000   0.000000   0.250000
   2.000000   0.000000   0.250000
   2.250000   0.000000   0.250000
   2.500000   0.000000   0.250000
   2.750000   0.000000   0.250000
   3.000000   0.000000   0.250000
   3.250000   0.000000   0.250000
   3.500000   0.000000   0.250000
   3.750000   0.000000   0.250000
   4.000000   0.000000   0.250000
   4.250000   0.000000   0.250000
   4.500000   0.000000   0.250000
   4.750000   0.000000   0.250000
   5.000000   0.000000   0.250000
   5.250000   0.000000   0.250000
   5.500000   0.000000   0.250000
   5.750000   0.000000   0.250000
   6.000000   0.000000   0.250000
   6.250000   0.000000   0.250000
   6.500000   0.000000   0.250000
   6.750000   0.000000   0.250000
   7.000000   0.000000   0.250000
   7.250000   0.000000   0.250000
   7.500000   0.000000   0.250000
   7.750000   0.000000   0.250000
   8.000000   0.000000   0.250000
   8.250000   0.000000   0.250000
   8.500000   0.000000   0.250000
   8.750000   0.000000   0.250000
   9.000000   0.000000   0.250000
   9.250000   0.000000   0.250000
   9.500000   0.000000   0.250000
   9.750000   0.000000   0.250000
  10.000000   0.000000   0.250000
   0.000000   0.250000   0.250000
   0.250000   0.250000   0.250000
   0.500000   0.250000   0.250000
   0.750000   0.250000   0.250000
   1.000000   0.250000   0.250000
   1.250000   0.250000   0.250000
   1.500000   0.250000   0.250000
   1.750000   0.250000   0.250000
   2.000000   0.250000   0.250000
   2.250000   0.250000   0.250000
   2.500000   0.250000   0.250000
   2.750000   0.250000   0.250000
   3.000000   0.250000   0.250000
   3.250000   0.250000   0.250000
   3.500000   0.250000   0.250000
   3.750000   0.250000   0.250000
   4.000000   0.250000   0.250000
   4.250000   0.250000   0.250000
   4.500000   0.250000   0.250000
   4.750000   0.250000   0.250000
   5.000000   0.250000   0.250000
   5.250000   0.250000   0.250000
   5.500000   0.250000   0.250000
   5.750000   0.250000   0.250000
   6.000000   0.250000   0.250000
   6.250000   0.250000   0.250000
   6.500000   0.250000   0.250000
   6.750000   0.250000   0.250000
   7.000000   0.250000   0.250000
   7.250000   0.250000   0.250000
   7.500000   0.250000   0.250000
   7.750000   0.250000   0.250000
   8.000000   0.250000   0.250000
   8.250000   0.250000   0.250000
   8.500000   0.250000   0.250000
   8.750000   0.250000   0.250000
   9.000000   0.250000   0.250000
   9.250000   0.250000   0.250000
   9.500000   0.250000   0.250000
   9.750000   0.250000   0.250000
  10.000000   0.250000   0.250000
   0.000000   0.500000   0.250000
   0.250000   0.500000   0.250000
   0.500000   0.500000   0.250000
   0.750000   0.500000   0.250000
   1.000000   0.500000   0.250000
   1.250000   0.500000   0.250000
   1.500000   0.500000   0.250000
   1.750000   0.500000   0.250000
   2.000000   0.500000   0.250000
   2.250000   0.500000   0.250000
   2.500000   0.500000   0.250000
   2.750000   0.500000   0.250000
   3.000000   0.500000   0.250000
   3.250000   0.500000   0.250000
   3.500000   0.500000   0.250000
   3.750000   0.500000   0.250000
   4.000000   0.500000   0.250000
   4.250000   0.500000   0.250000
   4.500000   0.500000   0.250000
   4.750000   0.500000   0.250000
   5.000000   0.500000   0.250000
   5.250000   0.500000   0.250000
   5.500000   0.500000   0.250000
   5.750000   0.500000   0.250000
   6.000000   0.500000   0.250000
   6.250000   0.500000   0.250000
   6.500000   0.500000   0.250000
   6.750000   0.500000   0.250000
   7.000000   0.500000   0.250000
   7.250000   0.500000   0.250000
   7.500000   0.500000   0.250000
   7.750000   0.500000   0.250000
   8.000000   0.500000   0.250000
   8.250000   0.500000   0.250000
   8.500000   0.500000   0.250000
   8.750000   0.500000   0.250000
   9.000000   0.500000   0.250000
   9.250000   0.500000   0.250000
   9.500000   0.500000   0.250000
   9.750000   0.500000   0.250000
  10.000000   0.500000   0.250000
   0.000000   0.750000   0.250000
   0.250000   0.750000   0.250000
   0.500000   0.750000   0.250000
   0.750000   0.750000   0.250000
   1.000000   0.750000   0.250000
   1.250000   0.750000   0.250000
   1.500000   0.750000   0.250000
   1.750000   0.750000   0.250000
   2.000000   0.750000   0.250000
   2.250000   0.750000   0.250000
   2.500000   0.750000   0.250000
   2.750000   0.750000   0.250000
   3.000000   0.750000   0.250000
   3.250000   0.750000   0.250000
   3.500000   0.750000   0.250000
   3.750000   0.750000   0.250000
   4.000000   0.750000   0.250000
   4.250000   0.750000   0.250000
   4.500000   0.750000   0.250000
   4.750000   0.750000   0.250000
   5.000000   0.750000   0.250000
   5.250000   0.750000   0.250000
   5.500000   0.750000   0.250000
   5.750000   0.750000   0.250000
   6.000000   0.750000   0.250000
   6.250000   0.750000   0.250000
   6.500000   0.750000   0.250000
   6.750000   0.750000   0.250000
   7.000000   0.750000   0.250000
   7.250000   0.750000   0.250000
   7.500000   0.750000   0.250000
   7.750000   0.750000   0.250000
   8.000000   0.750000   0.250000
   8.250000   0.750000   0.250000
   8.500000   0.750000   0.250000
   8.750000   0.750000   0.250000
   9.000000   0.750000   0.250000
   9.250000   0.750000   0.250000
   9.500000   0.750000   0.250000
   9.750000   0.750000   0.250000
  10.000000   0.750000   0.250000
   0.000000   1.000000   0.250000
   0.250000   1.000000   0.250000
   0.500000   1.000000   0.250000
   0.750000   1.000000   0.250000
   1.000000   1.000000   0.250000
   1.250000   1.000000   0.250000
   1.500000   1.000000   0.250000
   1.750000   1.000000   0.250000
   2.000000   1.000000   0.250000
   2.250000   1.000000   0.250000
   2.500000   1.000000   0.250000
   2.750000   1.000000   0.250000
   3.000000   1.000000   0.250000
   3.250000   1.000000   0.250000
   3.500000   1.000000   0.250000
   3.750000   1.000000   0.250000
   4.000000   1.000000   0.250000
   4.250000   1.000000   0.250000
   4.500000   1.000000   0.250000
   4.750000   1.000000   0.250000
   5.000000   1.000000   0.250000
   5.250000   1.000000   0.250000
   5.500000   1.000000   0.250000
   5.750000   1.000000   0.250000
   6.000000   1.000000   0.250000
   6.250000   1.000000   0.250000
   6.500000   1.000000   0.250000
   6.750000   1.000000   0.250000
   7.000000   1.000000   0.250000
   7.250000   1.000000   0.250000
   7.500000   1.000000   0.250000
   7.750000   1.000000   0.250000
   8.000000   1.000000   0.250000
   8.250000   1.000000   0.250000
   8.500000   1.000000   0.250000
   8.750000   1.000000   0.250000
   9.000000   1.000000   0.250000
   9.250000   1.000000   0.250000
   9.500000   1.000000   0.250000
   9.750000   1.000000   0.250000
  10.000000   1.000000   0.250000
   0.000000   0.000000   0.500000
   0.250000   0.000000   0.500000
   0.500000   0.000000   0.500000
   0.750000   0.000000   0.500000
   1.000000   0.000000   0.500000
   1.250000   0.000000   0.500000
   1.500000   0.000000   0.500000
   1.750000   0.000000   0.500000
   2.000000   0.000000   0.500000
   2.250000   0.000000   0.500000
   2.500000   0.000000   0.500000
   2.750000   0.000000   0.500000
   3.000000   0.000000   0.500000
   3.250000   0.000000   0.500000
   3.500000   0.000000   0.500000
   3.750000   0.000000   0.500000
   4.000000   0.000000   0.500000
   4.250000   0.000000   0.500000
   4.500000   0.000000   0.500000
   4.750000   0.000000   0.500000
   5.000000   0.000000   0.500000
   5.250000   0.000000   0.500000
   5.500000   0.000000   0.500000
   5.750000   0.000000   0.500000
   6.000000   0.000000   0.500000
   6.250000   0.000000   0.500000
   6.500000   0.000000   0.500000
   6.750000   0.000000   0.500000
   7.000000   0.000000   0.500000
   7.250000   0.000000   0.500000
   7.500000   0.000000   0.500000
   7.750000   0.000000   0.500000
   8.000000   0.000000   0.500000
   8.250000   0.000000   0.500000
   8.500000   0.000000   0.500000
   8.750000   0.000000   0.500000
   9.000000   0.000000   0.500000
   9.250000   0.000000   0.500000
   9.500000   0.000000   0.500000
   9.750000   0.000000   0.500000
  10.000000   0.000000   0.500000
   0.000000   0.250000   0.500000
   0.250000   0.250000   0.500000
   0.500000   0.250000   0.500000
   0.750000   0.250000   0.500000
   1.000000   0.250000   0.500000
   1.250000   0.250000   0.500000
   1.500000   0.250000   0.500000
   1.750000   0.250000   0.500000
   2.000000   0.250000   0.500000
   2.250000   0.250000   0.500000
   2.500000   0.250000   0.500000
   2.750000   0.250000   0.500000
   3.000000   0.250000   0.500000
   3.250000   0.250000   0.500000
   3.500000   0.250000   0.500000
   3.750000   0.250000   0.500000
   4.000000   0.250000   0.500000
   4.250000   0.250000   0.500000
   4.500000   0.250000   0.500000
   4.750000   0.250000   0.500000
   5.000000   0.250000   0.500000
   5.250000   0.250000   0.500000
   5.500000   0.250000   0.500000
   5.750000   0.250000   0.500000
   6.000000   0.250000   0.500000
   6.250000   0.250000   0.500000
   6.500000   0.250000   0.500000
   6.750000   0.250000   0.500000
   7.000000   0.250000   0.500000
   7.250000   0.250000   0.500000
   7.500000   0.250000   0.500000
   7.750000   0.250000   0.500000
   8.000000   0.250000   0.500000
   8.250000   0.250000   0.500000
   8.500000   0.250000   0.500000
   8.750000   0.250000   0.500000
   9.000000   0.250000   0.500000
   9.250000   0.250000   0.500000
   9.500000   0.250000   0.500000
   9.750000   0.250000   0.500000
  10.000000   0.250000   0.500000
   0.000000   0.500000   0.500000
   0.250000   0.500000   0.500000
   0.500000   0.500000   0.500000
   0.750000   0.500000   0.500000
   1.000000   0.500000   0.500000
   1.250000   0.500000   0.500000
   1.500000   0.500000   0.500000
   1.750000   0.500000   0.500000
   2.000000   0.500000   0.500000
   2.250000   0.500000   0.500000
   2.500000   0.500000   0.500000
   2.750000   0.500000   0.500000
   3.000000   0.500000   0.500000
   3.250000   0.500000   0.500000
   3.500000   0.500000   0.500000
   3.750000   0.500000   0.500000
   4.000000   0.500000   0.500000
   4.250000   0.500000   0.500000
   4.500000   0.500000   0.500000
   4.750000   0.500000   0.500000
   5.000000   0.500000   0.500000
   5.250000   0.500000   0.500000
   5.500000   0.500000   0.500000
   5.750000   0.500000   0.500000
   6.000000   0.500000   0.500000
   6.250000   0.500000   0.500000
   6.500000   0.500000   0.500000
   6.750000   0.500000   0.500000
   7.000000   0.500000   0.500000
   7.250000   0.500000   0.500000
   7.500000   0.500000   0.500000
   7.750000   0.500000   0.500000
   8.000000   0.500000   0.500000
   8.250000   0.500000   0.500000
   8.500000   0.500000   0.500000
   8.750000   0.500000   0.500000
   9.000000   0.500000   0.500000
   9.250000   0.500000   0.500000
   9.500000   0.500000   0.500000
   9.750000   0.500000   0.500000
  10.000000   0.500000   0.500000
   0.000000   0.750000   0.500000
   0.250000   0.750000   0.500000
   0.500000   0.750000   0.500000
   0.750000   0.750000   0.500000
   1.000000   0.750000   0.500000
   1.250000   0.750000   0.500000
   1.500000   0.750000   0.500000
   1.750000   0.750000   0.500000
   2.000000   0.750000   0.500000
   2.250000   0.750000   0.500000
   2.500000   0.750000   0.500000
   2.750000   0.750000   0.500000
   3.000000   0.750000   0.500000
   3.250000   0.750000   0.500000
   3.500000   0.750000   0.500000
   3.750000   0.750000   0.500000
   4.000000   0.750000   0.500000
   4.250000   0.750000   0.500000
   4.500000   0.750000   0.500000
   4.750000   0.750000   0.500000
   5.000000   0.750000   0.500000
   5.250000   0.750000   0.500000
   5.500000   0.750000   0.500000
   5.750000   0.750000   0.500000
   6.000000   0.750000   0.500000
   6.250000   0.750000   0.500000
   6.500000   0.750000   0.500000
   6.750000   0.750000   0.500000
   7.000000   0.750000   0.500000
   7.250000   0.750000   0.500000
   7.500000   0.750000   0.500000
   7.750000   0.750000   0.500000
   8.000000   0.750000   0.500000
   8.250000   0.750000   0.500000
   8.500000   0.750000   0.500000
   8.750000   0.750000   0.500000
   9.000000   0.750000   0.500000
   9.250000   0.750000   0.500000
   9.500000   0.750000   0.500000
   9.750000   0.750000   0.500000
  10.000000   0.750000   0.500000
   0.000000   1.000000   0.500000
   0.250000   1.000000   0.500000
   0.500000   1.000000   0.500000
   0.750000   1.000000   0.500000
   1.000000   1.000000   0.500000
   1.250000   1.000000   0.500000
   1.500000   1.000000   0.500000
   1.750000   1.000000   0.500000
   2.000000   1.000000   0.500000
   2.250000   1.000000   0.500000
   2.500000   1.000000   0.500000
   2.750000   1.000000   0.500000
   3.000000   1.000000   0.500000
   3.250000   1.000000   0.500000
   3.500000   1.000000   0.500000
   3.750000   1.000000   0.500000
   4.000000   1.000000   0.500000
   4.250000   1.000000   0.500000
   4.500000   1.000000   0.500000
   4.750000   1.000000   0.500000
   5.000000   1.000000   0.500000
   5.250000   1.000000   0.500000
   5.500000   1.000000   0.500000
   5.750000   1.000000   0.500000
   6.000000   1.000000   0.500000
   6.250000   1.000000   0.500000
   6.500000   1.000000   0.500000
   6.750000   1.000000   0.500000
   7.000000   1.000000   0.500000
   7.250000   1.000000   0.500000
   7.500000   1.000000   0.500000
   7.750000   1.000000   0.500000
   8.000000   1.000000   0.500000
   8.250000   1.000000   0.500000
   8.500000   1.000000   0.500000
   8.750000   1.000000   0.500000
   9.000000   1.000000   0.500000
   9.250000   1.000000   0.500000
   9.500000   1.000000   0.500000
   9.750000   1.000000   0.500000
  10.000000   1.000000   0.500000
   0.000000   0.000000   0.750000
   0.250000   0.000000   0.750000
   0.500000   0.000000   0.750000
   0.750000   0.000000   0.750000
   1.000000   0.000000   0.750000
   1.250000   0.000000   0.750000
   1.500000   0.000000   0.750000
   1.750000   0.000000   0.750000
   2.000000   0.000000   0.750000
   2.250000   0.000000   0.750000
   2.500000   0.000000   0.750000
   2.750000   0.000000   0.750000
   3.000000   0.000000   0.750000
   3.250000   0.000000   0.750000
   3.500000   0.000000   0.750000
   3.750000   0.000000   0.750000
   4.000000   0.000000   0.750000
   4.250000   0.000000   0.750000
   4.500000   0.000000   0.750000
   4.750000   0.000000   0.750000
   5.000000   0.000000   0.750000
   5.250000   0.000000   0.750000
   5.500000   0.000000   0.750000
   5.750000   0.000000   0.750000
   6.000000   0.000000   0.750000
   6.250000   0.000000   0.750000
   6.500000   0.000000   0.750000
   6.750000   0.000000   0.750000
   7.000000   0.000000   0.750000
   7.250000   0.000000   0.750000
   7.500000   0.000000   0.750000
   7.750000   0.000000   0.750000
   8.000000   0.000000   0.750000
   8.250000   0.000000   0.750000
   8.500000   0.000000   0.750000
   8.750000   0.000000   0.750000
   9.000000   0.000000   0.750000
   9.250000   0.000000   0.750000
   9.500000   0.000000   0.750000
   9.750000   0.000000   0.750000
  10.000000   0.000000   0.750000
   0.000000   0.250000   0.750000
   0.250000   0.250000   0.750000
   0.500000   0.250000   0.750000
   0.750000   0.250000   0.750000
   1.000000   0.250000   0.750000
   1.250000   0.250000   0.750000
   1.500000   0.250000   0.750000
   1.750000   0.250000   0.750000
   2.000000   0.250000   0.750000
   2.250000   0.250000   0.750000
   2.500000   0.250000   0.750000
   2.750000   0.250000   0.750000
   3.000000   0.250000   0.750000
   3.250000   0.250000   0.750000
   3.500000   0.250000   0.750000
   3.750000   0.250000   0.750000
   4.000000   0.250000   0.750000
   4.250000   0.250000   0.750000
   4.500000   0.250000   0.750000
   4.750000   0.250000   0.750000
   5.000000   0.250000   0.750000
   5.250000   0.250000   0.750000
   5.500000   0.250000   0.750000
   5.750000   0.250000   0.750000
   6.000000   0.250000   0.750000
   6.250000   0.250000   0.750000
   6.500000   0.250000   0.750000
   6.750000   0.250000   0.750000
   7.000000   0.250000   0.750000
   7.250000   0.250000   0.750000
   7.500000   0.250000   0.750000
   7.750000   0.250000   0.750000
   8.000000   0.250000   0.750000
   8.250000   0.250000   0.750000
   8.500000   0.250000   0.750000
   8.750000   0.250000   0.750000
   9.000000   0.250000   0.750000
   9.250000   0.250000   0.750000
   9.500000   0.250000   0.750000
   9.750000   0.250000   0.750000
  10.000000   0.250000   0.750000
   0.000000   0.500000   0.750000
   0.250000   0.500000   0.750000
   0.500000   0.500000   0.750000
   0.750000   0.500000   0.750000
   1.000000   0.500000   0.750000
   1.250000   0.500000   0.750000
   1.500000   0.500000   0.750000
   1.750000   0.500000   0.750000
   2.000000   0.500000   0.750000
   2.250000   0.500000   0.750000
   2.500000   0.500000   0.750000
   2.750000   0.500000   0.750000
   3.000000   0.500000   0.750000
   3.250000   0.500000   0.750000
   3.500000   0.500000   0.750000
   3.750000   0.500000   0.750000
   4.000000   0.500000   0.750000
   4.250000   0.500000   0.750000
   4.500000   0.500000   0.750000
   4.750000   0.500000   0.750000
   5.000000   0.500000   0.750000
   5.250000   0.500000   0.750000
   5.500000   0.500000   0.750000
   5.750000   0.500000   0.750000
   6.000000   0.500000   0.750000
   6.250000   0.500000   0.750000
   6.500000   0.500000   0.750000
   6.750000   0.500000   0.750000
   7.000000   0.500000   0.750000
   7.250000   0.500000   0.750000
   7.500000   0.500000   0.750000
   7.750000   0.500000   0.750000
   8.000000   0.500000   0.750000
   8.250000   0.500000   0.750000
   8.500000   0.500000   0.750000
   8.750000   0.500000   0.750000
   9.000000   0.500000   0.750000
   9.250000   0.500000   0.750000
   9.500000   0.500000   0.750000
   9.750000   0.500000   0.750000
  10.000000   0.500000   0.750000
   0.000000   0.750000   0.750000
   0.250000   0.750000   0.750000
   0.500000   0.750000   0.750000
   0.750000   0.750000   0.750000
   1.000000   0.750000   0.750000
   1.250000   0.750000   0.750000
   1.500000   0.750000   0.750000
   1.750000   0.750000   0.750000
   2.000000   0.750000   0.750000
   2.250000   0.750000   0.750000
   2.500000   0.750000   0.750000
   2.750000   0.750000   0.750000
   3.000000   0.750000   0.750000
   3.250000   0.750000   0.750000
   3.500000   0.750000   0.750000
   3.750000   0.750000   0.750000
   4.000000   0.750000   0.750000
   4.250000   0.750000   0.750000
   4.500000   0.750000   0.750000
   4.750000   0.750000   0.750000
   5.000000   0.750000   0.750000
   5.250000   0.750000   0.750000
   5.500000   0.750000   0.750000
   5.750000   0.750000   0.750000
   6.000000   0.750000   0.750000
   6.250000   0.750000   0.750000
   6.500000   0.750000   0.750000
   6.750000   0.750000   0.750000
   7.000000   0.750000   0.750000
   7.250000   0.750000   0.750000
   7.500000   0.750000   0.750000
   7.750000   0.750000   0.750000
   8.000000   0.750000   0.750000
   8.250000   0.750000   0.750000
   8.500000   0.750000   0.750000
   8.750000   0.750000   0.750000
   9.000000   0.750000   0.750000
   9.250000   0.750000   0.750000
   9.500000   0.750000   0.750000
   9.750000   0.750000   0.750000
  10.000000   0.750000   0.750000
   0.000000   1.000000   0.750000
   0.250000   1.000000   0.750000
   0.500000   1.000000   0.750000
   0.750000   1.000000   0.750000
   1.000000   1.000000   0.750000
   1.250000   1.000000   0.750000
   1.500000   1.000000   0.750000
   1.750000   1.000000   0.750000
   2.000000   1.000000   0.750000
   2.250000   1.000000   0.750000
   2.500000   1.000000   0.750000
   2.750000   1.000000   0.750000
   3.000000   1.000000   0.750000
   3.250000   1.000000   0.750000
   3.500000   1.000000   0.750000
   3.750000   1.000000   0.750000
   4.000000   1.000000   0.750000
   4.250000   1.000000   0.750000
   4.500000   1.000000   0.750000
   4.750000   1.000000   0.750000
   5.000000   1.000000   0.750000
   5.250000   1.000000   0.750000
   5.500000   1.000000   0.750000
   5.750000   1.000000   0.750000
   6.000000   1.000000   0.750000
   6.250000   1.000000   0.750000
   6.500000   1.000000   0.750000
   6.750000   1.000000   0.750000
   7.000000   1.000000   0.750000
   7.250000   1.000000   0.750000
   7.500000   1.000000   0.750000
   7.750000   1.000000   0.750000
   8.000000   1.000000   0.750000
   8.250000   1.000000   0.750000
   8.500000   1.000000   0.750000
   8.750000   1.000000   0.750000
   9.000000   1.000000   0.750000
   9.250000   1.000000   0.750000
   9.500000   1.000000   0.750000
   9.750000   1.000000   0.750000
  10.000000   1.000000   0.750000
   0.000000   0.000000   1.000000
   0.250000   0.000000   1.000000
   0.500000   0.000000   1.000000
   0.750000   0.000000   1.000000
   1.000000   0.000000   1.000000
   1.250000   0.000000   1.000000
   1.500000   0.000000   1.000000
   1.750000   0.000000   1.000000
   2.000000   0.000000   1.000000
   2.250000   0.000000   1.000000
   2.500000   0.000000   1.000000
   2.750000   0.000000   1.000000
   3.000000   0.000000   1.000000
   3.250000   0.000000   1.000000
   3.500000   0.000000   1.000000
   3.750000   0.000000   1.000000
   4.000000   0.000000   1.000000
   4.250000   0.000000   1.000000
   4.500000   0.000000   1.000000
   4.750000   0.000000   1.000000
   5.000000   0.000000   1.000000
   5.250000   0.000000   1.000000
   5.500000   0.000000   1.000000
   5.750000   0.000000   1.000000
   6.000000   0.000000   1.000000
   6.250000   0.000000   1.000000
   6.500000   0.000000   1.000000
   6.750000   0.000000   1.000000
   7.000000   0.000000   1.000000
   7.250000   0.000000   1.000000
   7.500000   0.000000   1.000000
   7.750000   0.000000   1.000000
   8.000000   0.000000   1.000000
   8.250000   0.000000   1.000000
   8.500000   0.000000   1.000000
   8.750000   0.000000   1.000000
   9.000000   0.000000   1.000000
   9.250000   0.000000   1.000000
   9.500000   0.000000   1.000000
   9.750000   0.000000   1.000000
  10.000000   0.000000   1.000000
   0.000000   0.250000   1.000000
   0.250000   0.250000   1.000000
   0.500000   0.250000   1.000000
   0.750000   0.250000   1.000000
   1.000000   0.250000   1.000000
   1.250000   0.250000   1.000000
   1.500000   0.250000   1.000000
   1.750000   0.250000   1.000000
   2.000000   0.250000   1.000000
   2.250000   0.250000   1.000000
   2.500000   0.250000   1.000000
   2.750000   0.250000   1.000000
   3.000000   0.250000   1.000000
   3.250000   0.250000   1.000000
   3.500000   0.250000   1.000000
   3.750000   0.250000   1.000000
   4.000000   0.250000   1.000000
   4.250000   0.250000   1.000000
   4.500000   0.250000   1.000000
   4.750000   0.250000   1.000000
   5.000000   0.250000   1.000000
   5.250000   0.250000   1.000000
   5.500000   0.250000   1.000000
   5.750000   0.250000   1.000000
   6.000000   0.250000   1.000000
   6.250000   0.250000   1.000000
   6.500000   0.250000   1.000000
   6.750000   0.250000   1.000000
   7.000000   0.250000   1.000000
   7.250000   0.250000   1.000000
   7.500000   0.250000   1.000000
   7.750000   0.250000   1.000000
   8.000000   0.250000   1.000000
   8.250000   0.250000   1.000000
   8.500000   0.250000   1.000000
   8.750000   0.250000   1.000000
   9.000000   0.250000   1.000000
   9.250000   0.250000   1.000000
   9.500000   0.250000   1.000000
   9.750000   0.250000   1.000000
  10.000000   0.250000   1.000000
   0.000000   0.500000   1.000000
   0.250000   0.500000   1.000000
   0.500000   0.500000   1.000000
   0.750000   0.500000   1.000000
   1.000000   0.500000   1.000000
   1.250000   0.500000   1.000000
   1.500000   0.500000   1.000000
   1.750000   0.500000   1.000000
   2.000000   0.500000   1.000000
   2.250000   0.500000   1.000000
   2.500000   0.500000   1.000000
   2.750000   0.500000   1.000000
   3.000000   0.500000   1.000000
   3.250000   0.500000   1.000000
   3.500000   0.500000   1.000000
   3.750000   0.500000   1.000000
   4.000000   0.500000   1.000000
   4.250000   0.500000   1.000000
   4.500000   0.500000   1.000000
   4.750000   0.500000   1.000000
   5.000000   0.500000   1.000000
   5.250000   0.500000   1.000000
   5.500000   0.500000   1.000000
   5.750000   0.500000   1.000000
   6.000000   0.500000   1.000000
   6.250000   0.500000   1.000000
   6.500000   0.500000   1.000000
   6.750000   0.500000   1.000000
   7.000000   0.500000   1.000000
   7.250000   0.500000   1.000000
   7.500000   0.500000   1.000000
   7.750000   0.500000   1.000000
   8.000000   0.500000   1.000000
   8.250000   0.500000   1.000000
   8.500000   0.500000   1.000000
   8.750000   0.500000   1.000000
   9.000000   0.500000   1.000000
   9.250000   0.500000   1.000000
   9.500000   0.500000   1.000000
   9.750000   0.500000   1.000000
  10.000000   0.500000   1.000000
   0.000000   0.750000   1.000000
   0.250000   0.750000   1.000000
   0.500000   0.750000   1.000000
   0.750000   0.750000   1.000000
   1.000000   0.750000   1.000000
   1.250000   0.750000   1.000000
   1.500000   0.750000   1.000000
   1.750000   0.750000   1.000000
   2.000000   0.750000   1.000000
   2.250000   0.750000   1.000000
   2.500000   0.750000   1.000000
   2.750000   0.750000   1.000000
   3.000000   0.750000   1.000000
   3.250000   0.750000   1.000000
   3.500000   0.750000   1.000000
   3.750000   0.750000   1.000000
   4.000000   0.750000   1.000000
   4.250000   0.750000   1.000000
   4.500000   0.750000   1.000000
   4.750000   0.750000   1.000000
   5.000000   0.750000   1.000000
   5.250000   0.750000   1.000000
   5.500000   0.750000   1.000000
   5.750000   0.750000   1.000000
   6.000000   0.750000   1.000000
   6.250000   0.750000   1.000000
   6.500000   0.750000   1.000000
   6.750000   0.750000   1.000000
   7.000000   0.750000   1.000000
   7.250000   0.750000   1.000000
   7.500000   0.750000   1.000000
   7.750000   0.750000   1.000000
   8.000000   0.750000   1.000000
   8.250000   0.750000   1.000000
   8.500000   0.750000   1.000000
   8.750000   0.750000   1.000000
   9.000000   0.750000   1.000000
   9.250000   0.750000   1.000000
   9.500000   0.750000   1.000000
   9.750000   0.750000   1.000000
  10.000000   0.750000   1.000000
   0.000000   1.000000   1.000000
   0.250000   1.000000   1.000000
   0.500000   1.000000   1.000000
   0.750000   1.000000   1.000000
   1.000000   1.000000   1.000000
   1.250000   1.000000   1.000000
   1.500000   1.000000   1.000000
   1.750000   1.000000   1.000000
   2.000000   1.000000   1.000000
   2.250000   1.000000   1.000000
   2.500000   1.000000   1.000000
   2.750000   1.000000   1.000000
   3.000000   1.000000   1.000000
   3.250000   1.000000   1.000000
   3.500000   1.000000   1.000000
   3.750000   1.000000   1.000000
   4.000000   1.000000   1.000000
   4.250000   1.000000   1.000000
   4.500000   1.000000   1.000000
   4.750000   1.000000   1.000000
   5.000000   1.000000   1.000000
   5.250000   1.000000   1.000000
   5.500000   1.000000   1.000000
   5.750000   1.000000   1.000000
   6.000000   1.000000   1.000000
   6.250000   1.000000   1.000000
   6.500000   1.000000   1.000000
   6.750000   1.000000   1.000000
   7.000000   1.000000   1.000000
   7.250000   1.000000   1.000000
   7.500000   1.000000   1.000000
   7.750000   1.000000   1.000000
   8.000000   1.000000   1.000000
   8.250000   1.000000   1.000000
   8.500000   1.000000   1.000000
   8.750000   1.000000   1.000000
   9.000000   1.000000   1.000000
   9.250000   1.000000   1.000000
   9.500000   1.000000   1.000000
   9.750000   1.000000   1.000000
  10.000000   1.000000   1.000000
      1      2     43     42    206    207    248    247
      3     44     43      2    208    249    248    207
      3      4     45     44    208    209    250    249
      5     46     45      4    210    251    250    209
      5      6     47     46    210    211    252    251
      7     48     47      6    212    253    252    211
      7      8     49     48    212    213    254    253
      9     50     49      8    214    255    254    213
      9     10     51     50    214    215    256    255
     11     52     51     10    216    257    256    215
     11     12     53     52    216    217    258    257
     13     54     53     12    218    259    258    217
     13     14     55     54    218    219    260    259
     15     56     55     14    220    261    260    219
     15     16     57     56    220    221    262    261
     17     58     57     16    222    263    262    221
     17     18     59     58    222    223    264    263
     19     60     59     18    224    265    264    223
     19     20     61     60    224    225    266    265
     21     62     61     20    226    267    266    225
     21     22     63     62    226    227    268    267
     23     64     63     22    228    269    268    227
     23     24     65     64    228    229    270    269
     25     66     65     24    230    271    270    229
     25     26     67     66    230    231    272    271
     27     68     67     26    232    273    272    231
     27     28     69     68    232    233    274    273
     29     70     69     28    234    275    274    233
     29     30     71     70    234    235    276    275
     31     72     71     30    236    277    276    235
     31     32     73     72    236    237    278    277
     33     74     73     32    238    279    278    237
     33     34     75     74    238    239    280    279
     35     76     75     34    240    281    280    239
     35     36     77     76    240    241    282    281
     37     78     77     36    242    283    282    241
     37     38     79     78    242    243    284    283
     39     80     79     38    244    285    284    243
     39     40     81     80    244    245    286    285
     41     82     81     40    246    287    286    245
     43     84     83     42    248    289    288    247
     43     44     85     84    248    249    290    289
     45     86     85     44    250    291    290    249
     45     46     87     86    250    251    292    291
     47     88     87     46    252    293    292    251
     47     48     89     88    252    253    294    293
     49     90     89     48    254    295    294    253
     49     50     91     90    254    255    296    295
     51     92     91     50    256    297    296    255
     51     52     93     92    256    257    298    297
     53     94     93     52    258    299    298    257
     53     54     95     94    258    259    300    299
     55     96     95     54    260    301    300    259
     55     56     97     96    260    261    302    301
     57     98     97     56    262    303    302    261
     57     58     99     98    262    263    304    303
     59    100     99     58    264    305    304    263
     59     60    101    100    264    265    306    305
     61    102    101     60    266    307    306    265
     61     62    103    102    266    267    308    307
     63    104    103     62    268    309    308    267
     63     64    105    104    268    269    310    309
     65    106    105     64    270    311    310    269
     65     66    107    106    270    271    312    311
     67    108    107     66    272    313    312    271
     67     68    109    108    272    273    314    313
     69    110    109     68    274    315    314    273
     69     70    111    110    274    275    316    315
     71    112    111     70    276    317    316    275
     71     72    113    112    276    277    318    317
     73    114    113     72    278    319    318    277
     73     74    115    114    278    279    320    319
     75    116    115     74    280    321    320    279
     75     76    117    116    280    281    322    321
     77    118    117     76    282    323    322    281
     77     78    119    118    282    283    324    323
     79    120    119     78    284    325    324    283
     79     80    121    120    284    285    326    325
     81    122    121     80    286    327    326    285
     81     82    123    122    286    287    328    327
     83     84    125    124    288    289    330    329
     85    126    125     84    290    331    330    289
     85     86    127    126    290    291    332    331
     87    128    127     86    292    333    332    291
     87     88    129    128    292    293    334    333
     89    130    129     88    294    335    334    293
     89     90    131    130    294    295    336    335
     91    132    131     90    296    337    336    295
     91     92    133    132    296    297    338    337
     93    134    133     92    298    339    338    297
     93     94    135    134    298    299    340    339
     95    136    135     94    300    341    340    299
     95     96    137    136    300    301    342    341
     97    138    137     96    302    343    342    301
     97     98    139    138    302    303    344    343
     99    140    139     98    304    345    344    303
     99    100    141    140    304    305    346    345
    101    142    141    100    306    347    346    305
    101    102    143    142    306    307    348    347
    103    144    143    102    308    349    348    307
    103    104    145    144    308    309    350    349
    105    146    145    104    310    351    350    309
    105    106    147    146    310    311    352    351
    107    148    147    106    312    353    352    311
    107    108    149    148    312    313    354    353
    109    150    149    108    314    355    354    313
    109    110    151    150    314    315    356    355
    111    152    151    110    316    357    356    315
    111    112    153    152    316    317    358    357
    113    154    153    112    318    359    358    317
    113    114    155    154    318    319    360    359
    115    156    155    114    320    361    360    319
    115    116    157    156    320    321    362    361
    117    158    157    116    322    363    362    321
    117    118    159    158    322    323    364    363
    119    160    159    118    324    365    364    323
    119    120    161    160    324    325    366    365
    121    162    161    120    326    367    366    325
    121    122    163    162    326    327    368    367
    123    164    163    122    328    369    368    327
    125    166    165    124    330    371    370    329
    125    126    167    166    330    331    372    371
    127    168    167    126    332    373    372    331
    127    128    169    168    332    333    374    373
    129    170    169    128    334    375    374    333
    129    130    171    170    334    335    376    375
    131    172    171    130    336    377    376    335
    131    132    173    172    336    337    378    377
    133    174    173    132    338    379    378    337
    133    134    175    174    338    339    380    379
    135    176    175    134    340    381    380    339
    135    136    177    176    340    341    382    381
    137    178    177    136    342    383    382    341
    137    138    179    178    342    343    384    383
    139    180    179    138    344    385    384    343
    139    140    181    180    344    345    386    385
    141    182    181    140    346    387    386    345
    141    142    183    182    346    347    388    387
    143    184    183    142    348    389    388    347
    143    144    185    184    348    349    390    389
    145    186    185    144    350    391    390    349
    145    146    187    186    350    351    392    391
    147    188    187    146    352    393    392    351
    147    148    189    188    352    353    394    393
    149    190    189    148    354    395    394    353
    149    150    191    190    354    355    396    395
    151    192    191    150    356    397    396    355
    151    152    193    192    356    357    398    397
    153    194    193    152    358    399    398    357
    153    154    195    194    358    359    400    399
    155    196    195    154    360    401    400    359
    155    156    197    196    360    361    402    401
    157    198    197    156    362    403    402    361
    157    158    199    198    362    363    404    403
    159    200    199    158    364    405    404    363
    159    160    201    200    364    365    406    405
    161    202    201    160    366    407    406    365
    161    162    203    202    366    367    408    407
    163    204    203    162    368    409    408    367
    163    164    205    204    368    369    410    409
    207    248    247    206    412    453    452    411
    207    208    249    248    412    413    454    453
    209    250    249    208    414    455    454    413
    209    210    251    250    414    415    456    455
    211    252    251    210    416    457    456    415
    211    212    253    252    416    417    458    457
    213    254    253    212    418    459    458    417
    213    214    255    254    418    419    460    459
    215    256    255    214    420    461    460    419
    215    216    257    256    420    421    462    461
    217    258    257    216    422    463    462    421
    217    218    259    258    422    423    464    463
    219    260    259    218    424    465    464    423
    219    220    261    260    424    425    466    465
    221    262    261    220    426    467    466    425
    221    222    263    262    426    427    468    467
    223    264    263    222    428    469    468    427
    223    224    265    264    428    429    470    469
    225    266    265    224    430    471    470    429
    225    226    267    266    430    431    472    471
    227    268    267    226    432    473    472    431
    227    228    269    268    432    433    474    473
    229    270    269    228    434    475    474    433
    229    230    271    270    434    435    476    475
    231    272    271    230    436    477    476    435
    231    232    273    272    436    437    478    477
    233    274    273    232    438    479    478    437
    233    234    275    274    438    439    480    479
    235    276    275    234    440    481    480    439
    235    236    277    276    440    441    482    481
    237    278    277    236    442    483    482    441
    237    238    279    278    442    443    484    483
    239    280    279    238    444    485    484    443
    239    240    281    280    444    445    486    485
    241    282    281    240    446    487    486    445
    241    242    283    282    446    447    488    487
    243    284    283    242    448    489    488    447
    243    244    285    284    448    449    490    489
    245    286    285    244    450    491    490    449
    245    246    287    286    450    451    492    491
    247    248    289    288    452    453    494    493
    249    290    289    248    454    495    494    453
    249    250    291    290    454    455    496    495
    251    292    291    250    456    497    496    455
    251    252    293    292    456    457    498    497
    253    294    293    252    458    499    498    457
    253    254    295    294    458    459    500    499
    255    296    295    254    460    501    500    459
    255    256    297    296    460    461    502    501
    257    298    297    256    462    503    502    461
    257    258    299    298    462    463    504    503
    259    300    299    258    464    505    504    463
    259    260    301    300    464    465    506    505
    261    302    301    260    466    507    506    465
    261    262    303    302    466    467    508    507
    263    304    303    262    468    509    508    467
    263    264    305    304    468    469    510    509
    265    306    305    264    470    511    510    469
    265    266    307    306    470    471    512    511
    267    308    307    266    472    513    512    471
    267    268    309    308    472    473    514    513
    269    310    309    268    474    515    514    473
    269    270    311    310    474    475    516    515
    271    312    311    270    476    517    516    475
    271    272    313    312    476    477    518    517
    273    314    313    272    478    519    518    477
    273    274    315    314    478    479    520    519
    275    316    315    274    480    521    520    479
    275    276    317    316    480    481    522    521
    277    318    317    276    482    523    522    481
    277    278    319    318    482    483    524    523
    279    320    319    278    484    525    524    483
    279    280    321    320    484    485    526    525
    281    322    321    280    486    527    526    485
    281    282    323    322    486    487    528    527
    283    324    323    282    488    529    528    487
    283    284    325    324    488    489    530    529
    285    326    325    284    490    531    530    489
    285    286    327    326    490    491    532    531
    287    328    327    286    492    533    532    491
    289    330    329    288    494    535    534    493
    289    290    331    330    494    495    536    535
    291    332    331    290    496    537    536    495
    291    292    333    332    496    497    538    537
    293    334    333    292    498    539    538    497
    293    294    335    334    498    499    540    539
    295    336    335    294    500    541    540    499
    295    296    337    336    500    501    542    541
    297    338    337    296    502    543    542    501
    297    298    339    338    502    503    544    543
    299    340    339    298    504    545    544    503
    299    300    341    340    504    505    546    545
    301    342    341    300    506    547    546    505
    301    302    343    342    506    507    548    547
    303    344    343    302    508    549    548    507
    303    304    345    344    508    509    550    549
    305    346    345    304    510    551    550    509
    305    306    347    346    510    511    552    551
    307    348    347    306    512    553    552    511
    307    308    349    348    512    513    554    553
    309    350    349    308    514    555    554    513
    309    310    351    350    514    515    556    555
    311    352    351    310    516    557    556    515
    311    312    353    352    516    517    558    557
    313    354    353    312    518    559    558    517
    313    314    355    354    518    519    560    559
    315    356    355    314    520    561    560    519
    315    316    357    356    520    521    562    561
    317    358    357    316    522    563    562    521
    317    318    359    358    522    523    564    563
    319    360    359    318    524    565    564    523
    319    320    361    360    524    525    566    565
    321    362    361    320    526    567    566    525
    321    322    363    362    526    527    568    567
    323    364    363    322    528    569    568    527
    323    324    365    364    528    529    570    569
    325    366    365    324    530    571    570    529
    325    326    367    366    530    531    572    571
    327    368    367    326    532    573    572    531
    327    328    369    368    532    533    574    573
    329    330    371    370    534    535    576    575
    331    372    371    330    536    577    576    535
    331    332    373    372    536    537    578    577
    333    374    373    332    538    579    578    537
    333    334    375    374    538    539    580    579
    335    376    375    334    540    581    580    539
    335    336    377    376    540    541    582    581
    337    378    377    336    542    583    582    541
    337    338    379    378    542    543    584    583
    339    380    379    338    544    585    584    543
    339    340    381    380    544    545    586    585
    341    382    381    340    546    587    586    545
    341    342    383    382    546    547    588    587
    343    384    383    342    548    589    588    547
    343    344    385    384    548    549    590    589
    345    386    385    344    550    591    590    549
    345    346    387    386    550    551    592    591
    347    388    387    346    552    593    592    551
    347    348    389    388    552    553    594    593
    349    390    389    348    554    595    594    553
    349    350    391    390    554    555    596    595
    351    392    391    350    556    597    596    555
    351    352    393    392    556    557    598    597
    353    394    393    352    558    599    598    557
    353    354    395    394    558    559    600    599
    355    396    395    354    560    601    600    559
    355    356    397    396    560    561    602    601
    357    398    397    356    562    603    602    561
    357    358    399    398    562    563    604    603
    359    400    399    358    564    605    604    563
    359    360    401    400    564    565    606    605
    361    402    401    360    566    607    606    565
    361    362    403    402    566    567    608    607
    363    404    403    362    568    609    608    567
    363    364    405    404    568    569    610    609
    365    406    405    364    570    611    610    569
    365    366    407    406    570    571    612    611
    367    408    407    366    572    613    612    571
    367    368    409    408    572    573    614    613
    369    410    409    368    574    615    614    573
    411    412    453    452    616    617    658    657
    413    454    453    412    618    659    658    617
    413    414    455    454    618    619    660    659
    415    456    455    414    620    661    660    619
    415    416    457    456    620    621    662    661
    417    458    457    416    622    663    662    621
    417    418    459    458    622    623    664    663
    419    460    459    418    624    665    664    623
    419    420    461    460    624    625    666    665
    421    462    461    420    626    667    666    625
    421    422    463    462    626    627    668    667
    423    464    463    422    628    669    668    627
    423    424    465    464    628    629    670    669
    425    466    465    424    630    671    670    629
    425    426    467    466    630    631    672    671
    427    468    467    426    632    673    672    631
    427    428    469    468    632    633    674    673
    429    470    469    428    634    675    674    633
    429    430    471    470    634    635    676    675
    431    472    471    430    636    677    676    635
    431    432    473    472    636    637    678    677
    433    474    473    432    638    679    678    637
    433    434    475    474    638    639    680    679
    435    476    475    434    640    681    680    639
    435    436    477    476    640    641    682    681
    437    478    477    436    642    683    682    641
    437    438    479    478    642    643    684    683
    439    480    479    438    644    685    684    643
    439    440    481    480    644    645    686    685
    441    482    481    440    646    687    686    645
    441    442    483    482    646    647    688    687
    443    484    483    442    648    689    688    647
    443    444    485    484    648    649    690    689
    445    486    485    444    650    691    690    649
    445    446    487    486    650    651    692    691
    447    488    487    446    652    693    692    651
    447    448    489    488    652    653    694    693
    449    490    489    448    654    695    694    653
    449    450    491    490    654    655    696    695
    451    492    491    450    656    697    696    655
    453    494    493    452    658    699    698    657
    453    454    495    494    658    659    700    699
    455    496    495    454    660    701    700    659
    455    456    497    496    660    661    702    701
    457    498    497    456    662    703    702    661
    457    458    499    498    662    663    704    703
    459    500    499    458    664    705    704    663
    459    460    501    500    664    665    706    705
    461    502    501    460    666    707    706    665
    461    462    503    502    666    667    708    707
    463    504    503    462    668    709    708    667
    463    464    505    504    668    669    710    709
    465    506    505    464    670    711    710    669
    465    466    507    506    670    671    712    711
    467    508    507    466    672    713    712    671
    467    468    509    508    672    673    714    713
    469    510    509    468    674    715    714    673
    469    470    511    510    674    675    716    715
    471    512    511    470    676    717    716    675
    471    472    513    512    676    677    718    717
    473    514    513    472    678    719    718    677
    473    474    515    514    678    679    720    719
    475    516    515    474    680    721    720    679
    475    476    517    516    680    681    722    721
    477    518    517    476    682    723    722    681
    477    478    519    518    682    683    724    723
    479    520    519    478    684    725    724    683
    479    480    521    520    684    685    726    725
    481    522    521    480    686    727    726    685
    481    482    523    522    686    687    728    727
    483    524    523    482    688    729    728    687
    483    484    525    524    688    689    730    729
    485    526    525    484    690    731    730    689
    485    486    527    526    690    691    732    731
    487    528    527    486    692    733    732    691
    487    488    529    528    692    693    734    733
    489    530    529    488    694    735    734    693
    489    490    531    530    694    695    736    735
    491    532    531    490    696    737    736    695
    491    492    533    532    696    697    738    737
    493    494    535    534    698    699    740    739
    495    536    535    494    700    741    740    699
    495    496    537    536    700    701    742    741
    497    538    537    496    702    743    742    701
    497    498    539    538    702    703    744    743
    499    540    539    498    704    745    744    703
    499    500    541    540    704    705    746    745
    501    542    541    500    706    747    746    705
    501    502    543    542    706    707    748    747
    503    544    543    502    708    749    748    707
    503    504    545    544    708    709    750    749
    505    546    545    504    710    751    750    709
    505    506    547    546    710    711    752    751
    507    548    547    506    712    753    752    711
    507    508    549    548    712    713    754    753
    509    550    549    508    714    755    754    713
    509    510    551    550    714    715    756    755
    511    552    551    510    716    757    756    715
    511    512    553    552    716    717    758    757
    513    554    553    512    718    759    758    717
    513    514    555    554    718    719    760    759
    515    556    555    514    720    761    760    719
    515    516    557    556    720    721    762    761
    517    558    557    516    722    763    762    721
    517    518    559    558    722    723    764    763
    519    560    559    518    724    765    764    723
    519    520    561    560    724    725    766    765
    521    562    561    520    726    767    766    725
    521    522    563    562    726    727    768    767
    523    564    563    522    728    769    768    727
    523    524    565    564    728    729    770    769
    525    566    565    524    730    771    770    729
    525    526    567    566    730    731    772    771
    527    568    567    526    732    773    772    731
    527    528    569    568    732    733    774    773
    529    570    569    528    734    775    774    733
    529    530    571    570    734    735    776    775
    531    572    571    530    736    777    776    735
    531    532    573    572    736    737    778    777
    533    574    573    532    738    779    778    737
    535    576    575    534    740    781    780    739
    535    536    577    576    740    741    782    781
    537    578    577    536    742    783    782    741
    537    538    579    578    742    743    784    783
    539    580    579    538    744    785    784    743
    539    540    581    580    744    745    786    785
    541    582    581    540    746    787    786    745
    541    542    583    582    746    747    788    787
    543    584    583    542    748    789    788    747
    543    544    585    584    748    749    790    789
    545    586    585    544    750    791    790    749
    545    546    587    586    750    751    792    791
    547    588    587    546    752    793    792    751
    547    548    589    588    752    753    794    793
    549    590    589    548    754    795    794    753
    549    550    591    590    754    755    796    795
    551    592    591    550    756    797    796    755
    551    552    593    592    756    757    798    797
    553    594    593    552    758    799    798    757
    553    554    595    594    758    759    800    799
    555    596    595    554    760    801    800    759
    555    556    597    596    760    761    802    801
    557    598    597    556    762    803    802    761
    557    558    599    598    762    763    804    803
    559    600    599    558    764    805    804    763
    559    560    601    600    764    765    806    805
    561    602    601    560    766    807    806    765
    561    562    603    602    766    767    808    807
    563    604    603    562    768    809    808    767
    563    564    605    604    768    769    810    809
    565    606    605    564    770    811    810    769
    565    566    607    606    770    771    812    811
    567    608    607    566    772    813    812    771
    567    568    609    608    772    773    814    813
    569    610    609    568    774    815    814    773
    569    570    611    610    774    775    816    815
    571    612    611    570    776    817    816    775
    571    572    613    612    776    777    818    817
    573    614    613    572    778    819    818    777
    573    574    615    614    778    779    820    819
    617    658    657    616    822    863    862    821
    617    618    659    658    822    823    864    863
    619    660    659    618    824    865    864    823
    619    620    661    660    824    825    866    865
    621    662    661    620    826    867    866    825
    621    622    663    662    826    827    868    867
    623    664    663    622    828    869    868    827
    623    624    665    664    828    829    870    869
    625    666    665    624    830    871    870    829
    625    626    667    666    830    831    872    871
    627    668    667    626    832    873    872    831
    627    628    669    668    832    833    874    873
    629    670    669    628    834    875    874    833
    629    630    671    670    834    835    876    875
    631    672    671    630    836    877    876    835
    631    632    673    672    836    837    878    877
    633    674    673    632    838    879    878    837
    633    634    675    674    838    839    880    879
    635    676    675    634    840    881    880    839
    635    636    677    676    840    841    882    881
    637    678    677    636    842    883    882    841
    637    638    679    678    842    843    884    883
    639    680    679    638    844    885    884    843
    639    640    681    680    844    845    886    885
    641    682    681    640    846    887    886    845
    641    642    683    682    846    847    888    887
    643    684    683    642    848    889    888    847
    643    644    685    684    848    849    890    889
    645    686    685    644    850    891    890    849
    645    646    687    686    850    851    892    891
    647    688    687    646    852    893    892    851
    647    648    689    688    852    853    894    893
    649    690    689    648    854    895    894    853
    649    650    691    690    854    855    896    895
    651    692    691    650    856    897    896    855
    651    652    693    692    856    857    898    897
    653    694    693    652    858    899    898    857
    653    654    695    694    858    859    900    899
    655    696    695    654    860    901    900    859
    655    656    697    696    860    861    902    901
    657    658    699    698    862    863    904    903
    659    700    699    658    864    905    904    863
    659    660    701    700    864    865    906    905
    661    702    701    660    866    907    906    865
    661    662    703    702    866    867    908    907
    663    704    703    662    868    909    908    867
    663    664    705    704    868    869    910    909
    665    706    705    664    870    911    910    869
    665    666    707    706    870    871    912    911
    667    708    707    666    872    913    912    871
    667    668    709    708    872    873    914    913
    669    710    709    668    874    915    914    873
    669    670    711    710    874    875    916    915
    671    712    711    670    876    917    916    875
    671    672    713    712    876    877    918    917
    673    714    713    672    878    919    918    877
    673    674    715    714    878    879    920    919
    675    716    715    674    880    921    920    879
    675    676    717    716    880    881    922    921
    677    718    717    676    882    923    922    881
    677    678    719    718    882    883    924    923
    679    720    719    678    884    925    924    883
    679    680    721    720    884    885    926    925
    681    722    721    680    886    927    926    885
    681    682    723    722    886    887    928    927
    683    724    723    682    888    929    928    887
    683    684    725    724    888    889    930    929
    685    726    725    684    890    931    930    889
    685    686    727    726    890    891    932    931
    687    728    727    686    892    933    932    891
    687    688    729    728    892    893    934    933
    689    730    729    688    894    935    934    893
    689    690    731    730    894    895    936    935
    691    732    731    690    896    937    936    895
    691    692    733    732    896    897    938    937
    693    734    733    692    898    939    938    897
    693    694    735    734    898    899    940    939
    695    736    735    694    900    941    940    899
    695    696    737    736    900    901    942    941
    697    738    737    696    902    943    942    901
    699    740    739    698    904    945    944    903
    699    700    741    740    904    905    946    945
    701    742    741    700    906    947    946    905
    701    702    743    742    906    907    948    947
    703    744    743    702    908    949    948    907
    703    704    745    744    908    909    950    949
    705    746    745    704    910    951    950    909
    705    706    747    746    910    911    952    951
    707    748    747    706    912    953    952    911
    707    708    749    748    912    913    954    953
    709    750    749    708    914    955    954    913
    709    710    751    750    914    915    956    955
    711    752    751    710    916    957    956    915
    711    712    753    752    916    917    958    957
    713    754    753    712    918    959    958    917
    713    714    755    754    918    919    960    959
    715    756    755    714    920    961    960    919
    715    716    757    756    920    921    962    961
    717    758    757    716    922    963    962    921
    717    718    759    758    922    923    964    963
    719    760    759    718    924    965    964    923
    719    720    761    760    924    925    966    965
    721    762    761    720    926    967    966    925
    721    722    763    762    926    927    968    967
    723    764    763    722    928    969    968    927
    723    724    765    764    928    929    970    969
    725    766    765    724    930    971    970    929
    725    726    767    766    930    931    972    971
    727    768    767    726    932    973    972    931
    727    728    769    768    932    933    974    973
    729    770    769    728    934    975    974    933
    729    730    771    770    934    935    976    975
    731    772    771    730    936    977    976    935
    731    732    773    772    936    937    978    977
    733    774    773    732    938    979    978    937
    733    734    775    774    938    939    980    979
    735    776    775    734    940    981    980    939
    735    736    777    776    940    941    982    981
    737    778    777    736    942    983    982    941
    737    738    779    778    942    943    984    983
    739    740    781    780    944    945    986    985
    741    782    781    740    946    987    986    945
    741    742    783    782    946    947    988    987
    743    784    783    742    948    989    988    947
    743    744    785    784    948    949    990    989
    745    786    785    744    950    991    990    949
    745    746    787    786    950    951    992    991
    747    788    787    746    952    993    992    951
    747    748    789    788    952    953    994    993
    749    790    789    748    954    995    994    953
    749    750    791    790    954    955    996    995
    751    792    791    750    956    997    996    955
    751    752    793    792    956    957    998    997
    753    794    793    752    958    999    998    957
    753    754    795    794    958    959   1000    999
    755    796    795    754    960   1001   1000    959
    755    756    797    796    960    961   1002   1001
    757    798    797    756    962   1003   1002    961
    757    758    799    798    962    963   1004   1003
    759    800    799    758    964   1005   1004    963
    759    760    801    800    964    965   1006   1005
    761    802    801    760    966   1007   1006    965
    761    762    803    802    966    967   1008   1007
    763    804    803    762    968   1009   1008    967
    763    764    805    804    968    969   1010   1009
    765    806    805    764    970   1011   1010    969
    765    766    807    806    970    971   1012   1011
    767    808    807    766    972   1013   1012    971
    767    768    809    808    972    973   1014   1013
    769    810    809    768    974   1015   1014    973
    769    770    811    810    974    975   1016   1015
    771    812    811    770    976   1017   1016    975
    771    772    813    812    976    977   1018   1017
    773    814    813    772    978   1019   1018    977
    773    774    815    814    978    979   1020   1019
    775    816    815    774    980   1021   1020    979
    775    776    817    816    980    981   1022   1021
    777    818    817    776    982   1023   1022    981
    777    778    819    818    982    983   1024   1023
    779    820    819    778    984   1025   1024    983
