   -8.7294e-007   6.82462e-005  -1.05516e-005
   7.89727e-005  -8.71125e-005    0.000200488
  -8.09131e-005    -0.00073686   5.39797e-005
   2.93873e-006   -0.000971628     0.00093615
    2.7944e-006    -0.00105954     0.00235446
    0.000720856    -0.00101319     0.00407368
      0.0011942   -0.000956847     0.00688669
     0.00173791    -0.00124738     0.00926928
     0.00156446    -0.00163984      0.0140023
     0.00128522    -0.00236597      0.0183258
     0.00030763    -0.00294607      0.0264511
    -0.00084919    -0.00390375      0.0341893
    -0.00236962    -0.00435447      0.0465634
    -0.00423886     -0.0052723      0.0584748
    -0.00594292    -0.00523342      0.0745851
    -0.00824895    -0.00581032      0.0900466
    -0.00970331    -0.00528909       0.106859
     -0.0117755    -0.00529474        0.12309
      -0.012716    -0.00447595        0.13679
     -0.0141357    -0.00395974       0.150155
     -0.0144673    -0.00313185       0.157352
     -0.0149726    -0.00230029        0.16454
     -0.0147328    -0.00187834        0.16381
     -0.0142744    -0.00107819       0.163454
     -0.0136499   -0.000862361       0.157105
     -0.0128033   -0.000317348       0.151078
     -0.0118905   -0.000154818       0.140988
     -0.0108274    0.000209488       0.131082
    -0.00974097     0.00035295       0.118411
    -0.00856164     0.00061296       0.105845
    -0.00740754    0.000706348       0.091331
    -0.00617069    0.000887646      0.0769012
    -0.00506898     0.00083812      0.0614617
    -0.00382887    0.000914893      0.0461563
    -0.00293495    0.000605621       0.031836
    -0.00180245    0.000503082      0.0177432
    -0.00120931   -4.7584e-005     0.00855914
    -0.00039653   -0.000385416   -0.000407808
   3.14378e-005   5.40604e-005   6.09862e-005
  -6.49067e-005  -7.83871e-005    -4.643e-005
  -5.82542e-005  -6.96308e-005  -4.40866e-005
              0              0              0
    0.000100812   -0.000138824    0.000357953
   4.93526e-005   -0.000361844    0.000177488
    0.000547971    0.000151986     0.00224868
      0.0003813   -0.000362421     0.00222958
     0.00241689    0.000881546     0.00584019
     0.00202392   9.43518e-005     0.00591407
     0.00398896    0.000747617     0.00980173
     0.00312059   -0.000334451      0.0107103
     0.00403451   -0.000379785      0.0161149
     0.00251403    -0.00168986      0.0193568
     0.00231011    -0.00222169      0.0278416
    0.000171737    -0.00350575      0.0348528
    -0.00102429    -0.00429617      0.0471807
    -0.00355372    -0.00523227      0.0587262
    -0.00557509    -0.00605229      0.0741924
     -0.0080973    -0.00625673      0.0897409
     -0.0103021    -0.00685474       0.105534
     -0.0121316    -0.00614141       0.122296
     -0.0139624    -0.00636273       0.134978
     -0.0148543    -0.00499974       0.149111
     -0.0159393    -0.00493553       0.155512
     -0.0157791    -0.00326891       0.163536
     -0.0158102    -0.00302149       0.162566
     -0.0148223    -0.00165217        0.16283
     -0.0142629    -0.00136146       0.156483
     -0.0131167   -0.000565089       0.150776
     -0.0122568   -0.000324354       0.140683
     -0.0109925    0.000148655       0.130956
    -0.00991688    0.000408202       0.118322
    -0.00863663    0.000655726       0.105819
    -0.00742779    0.000917177      0.0914019
    -0.00616656     0.00100667       0.076954
    -0.00484977     0.00125803      0.0617622
    -0.00369318     0.00114781      0.0463353
    -0.00230976     0.00137027      0.0325227
    -0.00144175    0.000927416      0.0181368
   -0.000196349     0.00107462     0.00963437
    0.000165247    0.000231234    0.000188416
     0.00035853    0.000417359    0.000382053
              0              0              0
  -4.25755e-005  -5.70326e-005  -6.32914e-005
  -2.32033e-006   2.42504e-005   3.23637e-005
   7.77134e-005   -0.000265047   6.87411e-005
  -1.74005e-005   -0.000140391    0.000799068
    0.000459106    0.000146075     0.00216263
     0.00137453    0.000645398     0.00405743
      0.0025737    0.000922336     0.00617826
     0.00347938     0.00102757     0.00759199
     0.00415249    0.000866724      0.0100795
     0.00440107    0.000381358      0.0119333
     0.00406025   -0.000319939      0.0162278
     0.00354715    -0.00120177       0.020233
     0.00234338    -0.00210706      0.0279926
    0.000977776    -0.00325569      0.0354481
   -0.000841988    -0.00402803      0.0474984
    -0.00305556    -0.00529634      0.0589908
     -0.0050549    -0.00566106      0.0747909
    -0.00802937    -0.00669492      0.0895709
    -0.00899355    -0.00557252       0.107026
     -0.0123243    -0.00671106       0.121868
     -0.0125355    -0.00495971       0.136549
     -0.0153224     -0.0057047       0.148446
     -0.0145181    -0.00354397       0.157031
     -0.0162888    -0.00387674       0.162891
      -0.014593    -0.00168811       0.163892
     -0.0151144     -0.0019347       0.162477
     -0.0140453    -0.00114957       0.156693
     -0.0133665   -0.000749144       0.150528
     -0.0121748   -0.000268316       0.140747
     -0.0111299    0.000109527       0.130848
     -0.0099409    0.000354068       0.118279
    -0.00870434    0.000698159        0.10579
    -0.00751299    0.000803575      0.0912996
    -0.00615972     0.00112001      0.0769994
    -0.00498548     0.00110133      0.0616129
    -0.00355392     0.00137551      0.0465057
    -0.00250279     0.00116848      0.0323191
    -0.00108875     0.00133906      0.0185134
   -0.000416067    0.000877545     0.00941199
    0.000665459    0.000773844    0.000722362
    0.000650822    0.000733017    0.000697519
              0              0              0
    0.000142743    0.000396155    0.000133894
    0.000413983     0.00025989    0.000271579
    0.000559584     0.00152456      0.0020222
    0.000736958    0.000724751      0.0021836
     0.00257926     0.00233274      0.0069701
     0.00302287     0.00168501     0.00632088
     0.00464124     0.00254307      0.0106024
     0.00502375     0.00197468     0.00933092
     0.00567007     0.00191639      0.0129078
      0.0054694    0.000980205      0.0130331
     0.00512192    0.000759739      0.0185252
     0.00437773   -0.000752393       0.021092
     0.00285752   -0.000708804      0.0308496
     0.00174041    -0.00283414      0.0362516
    -0.00138661    -0.00177518      0.0531838
    -0.00213085    -0.00486983      0.0599307
    -0.00678509    -0.00142138       0.093703
    -0.00596589     -0.0047907      0.0918536
     -0.0117429    -0.00142067       0.129947
     -0.0102735     -0.0046753       0.124109
     -0.0155135   -0.000862588       0.163333
     -0.0132731    -0.00356837       0.150656
     -0.0166384   -0.000559238       0.184562
     -0.0143662    -0.00166724       0.164983
     -0.0157264    -0.00170384       0.169155
     -0.0149582    -0.00170241       0.162627
     -0.0141883    -0.00129663       0.159246
     -0.0133465   -0.000680317       0.150542
      -0.012109   -0.000803476       0.140479
     -0.0112362   4.73031e-005        0.13074
    -0.00976926   -0.000340841       0.116599
    -0.00884829    0.000595583       0.105647
    -0.00721781    0.000117459      0.0891354
    -0.00626351     0.00105267      0.0768948
    -0.00442547    0.000521295      0.0590641
    -0.00355586     0.00139851      0.0464988
     -0.0012723    0.000332523      0.0274579
    -0.00102093     0.00142832      0.0185762
    0.000667055   -0.000489636      -0.011781
              0              0              0
  -7.37086e-005  -6.94978e-005   -0.000134456
  -6.45866e-005  -6.80083e-007   -0.000109966
   -0.000213375    0.000789877   -0.000733777
   -0.000383188     0.00113438   -0.000343442
    0.000420384     0.00158994      0.0030335
     0.00111173     0.00206233     0.00514812
     0.00256539      0.0023513     0.00781425
     0.00326004     0.00239564      0.0102088
     0.00503184     0.00273145     0.00907747
     0.00518007      0.0022976      0.0116383
     0.00605707     0.00220358      0.0101932
     0.00548905     0.00168856      0.0149064
      0.0054467     0.00102927      0.0153474
      0.0039442    0.000604322      0.0241716
     0.00321716    -0.00047215      0.0286409
     0.00082272   -0.000680719      0.0435287
    -0.00263252    -0.00148804      0.0617938
    -0.00681417    -0.00138488      0.0912771
    -0.00711367    -0.00143494      0.0978505
     -0.0122764    -0.00182082       0.131366
     -0.0122118    -0.00164752       0.137161
     -0.0169213    -0.00190193       0.171662
     -0.0162639    -0.00128821       0.171564
     -0.0200958    -0.00159916       0.201855
     -0.0151496    -0.00144008       0.171799
     -0.0164168    -0.00205195       0.175361
     -0.0157899     -0.0020952       0.171562
     -0.0150626    -0.00193205       0.167964
     -0.0142029    -0.00141881       0.160395
      -0.013001    -0.00147188       0.150436
      -0.012141   -0.000842549       0.141738
     -0.0107072    -0.00103491       0.127826
    -0.00981939   -0.000331091       0.117894
    -0.00825504   -0.000593723       0.101631
    -0.00725319    0.000166926      0.0894491
    -0.00558769   -0.000123067      0.0718908
    -0.00441338    0.000551096      0.0556504
    -0.00277394    0.000198489      0.0373885
    4.0513e-006    0.000176319     0.00600105
     0.00197029   -0.000287082     -0.0228893
     0.00130324    0.000202553     -0.0111083
              0              0              0
    0.000169823   -0.000548092    0.000949529
    0.000110341   -0.000741913    0.000739616
    0.000941031   -0.000447069     0.00361807
     0.00053908    -0.00105544     0.00364259
     0.00252784   -0.000182539     0.00810043
     0.00169344    -0.00108086     0.00916531
     0.00325898   -0.000582587      0.0153571
     0.00177279     -0.0016254      0.0188972
     0.00232553    -0.00157728       0.028062
     0.00028556     -0.0024709      0.0355032
    -0.00018555     -0.0027469       0.048371
    -0.00250383    -0.00321266      0.0604404
     -0.0039378    -0.00367563      0.0762762
    -0.00611602    -0.00336908      0.0924266
    -0.00813423    -0.00400693       0.108215
    -0.00967306    -0.00294464       0.125411
     -0.0117899    -0.00367408       0.137629
     -0.0124866    -0.00215068       0.151959
       -0.01419    -0.00287448       0.157625
     -0.0140714    -0.00133021       0.165522
     -0.0148811     -0.0019773       0.163709
     -0.0141735   -0.000982074       0.163571
     -0.0141625    -0.00129884       0.156646
     -0.0132294   -0.000789312       0.150634
     -0.0126337   -0.000821764        0.14028
     -0.0115487   -0.000576783       0.130331
     -0.0106098   -0.000444292       0.117569
     -0.0094373   -0.000334206       0.104937
      -0.008311   -0.000136074      0.0904488
    -0.00712409   -0.000136971      0.0759153
    -0.00587913   6.98373e-005      0.0606664
    -0.00479436   -0.000115677      0.0451603
    -0.00346162   9.02291e-005      0.0313135
    -0.00266672   -0.000412538      0.0168534
    -0.00131727   -0.000138483     0.00845682
   -0.000951624    -0.00097099   -0.000979551
   -0.000223434    -0.00021135   -0.000219592
  -8.90664e-005   -0.000105601  -6.17568e-005
  -2.63816e-005   -3.1152e-005  -2.21609e-005
              0              0              0
  -3.80469e-005  -4.57238e-005   -0.000141957
   8.07185e-005   -0.000223605    0.000221591
  -2.17097e-005   -0.000671057    0.000568969
    0.000324459   -0.000601665     0.00174529
    0.000626749   -0.000550953     0.00336583
     0.00163565   -0.000311963     0.00523692
     0.00231007   -0.000214077     0.00805512
     0.00306688   -0.000320194      0.0105753
     0.00310034   -0.000552289      0.0154018
     0.00304968    -0.00104614      0.0199287
     0.00227455     -0.0014414      0.0282113
     0.00133514    -0.00217237      0.0361471
  -7.11404e-005    -0.00249781      0.0486316
    -0.00183171    -0.00328175      0.0606412
    -0.00364841    -0.00332817      0.0766596
    -0.00603286    -0.00394482      0.0920293
    -0.00781206    -0.00369607       0.108566
     -0.0101393    -0.00391792       0.124525
     -0.0115219    -0.00347096       0.137846
      -0.013322    -0.00329993       0.150829
     -0.0140835    -0.00284554       0.157651
     -0.0149638    -0.00236654       0.164469
     -0.0149715     -0.0021401       0.163531
     -0.0147613     -0.0015725       0.162942
     -0.0142573    -0.00144624       0.156487
     -0.0135553    -0.00103411       0.150333
     -0.0127032   -0.000921245       0.140185
     -0.0117118   -0.000622748       0.130214
     -0.0106553   -0.000506315       0.117513
    -0.00950952    -0.00027849       0.104916
    -0.00835624    -0.00018794      0.0904003
    -0.00711633  -6.29405e-006      0.0759733
    -0.00595742  -5.27872e-006      0.0605894
    -0.00465183    0.000129647      0.0453472
    -0.00359186  -2.60342e-005      0.0311883
    -0.00229246   2.71116e-005        0.01726
    -0.00141804   -0.000234712     0.00835521
   -0.000371281   -0.000333822   -0.000368833
   3.63799e-005   7.03327e-005   6.84516e-005
  -5.16017e-005  -6.08744e-005  -4.17432e-005
  -4.77406e-005  -5.57073e-005   -4.0045e-005
              0              0              0
    0.000293698     0.00022359    0.000888722
     0.00023531   -0.000163659    0.000727646
     0.00130793    0.000876154     0.00328996
      0.0010565     0.00020512     0.00321401
     0.00340663     0.00148043     0.00685847
     0.00307097    0.000711379     0.00694579
     0.00511225     0.00138997      0.0107905
     0.00444483    0.000481917      0.0118765
     0.00543393     0.00053775      0.0173577
     0.00420361   -0.000497214      0.0208684
     0.00407082   -0.000904535      0.0294781
     0.00223648    -0.00190825      0.0367446
    0.000998545    -0.00264109      0.0491246
    -0.00130434    -0.00338614      0.0608282
     -0.0035536    -0.00427723      0.0761861
    -0.00603019    -0.00449634      0.0916824
    -0.00860517    -0.00519941       0.107265
     -0.0105825    -0.00479107       0.123726
     -0.0128755    -0.00521793       0.136105
     -0.0140681     -0.0043146       0.149807
     -0.0155555    -0.00443266       0.155933
      -0.015741    -0.00326399        0.16351
      -0.016013    -0.00308664       0.162396
     -0.0152707    -0.00208656       0.162352
      -0.014848    -0.00188611       0.155901
       -0.01385    -0.00125723       0.150046
      -0.013048    -0.00105973         0.1399
     -0.0118664   -0.000670966       0.130095
     -0.0108147   -0.000437871       0.117434
    -0.00957675    -0.00022734       0.104894
    -0.00835492    3.5335e-005      0.0904823
    -0.00710101    0.000123229      0.0760326
    -0.00570548    0.000435244      0.0609087
    -0.00449847    0.000377872       0.045537
    -0.00293572    0.000757492      0.0318925
    -0.00191631    0.000464735      0.0176628
   -0.000444429    0.000827794     0.00938643
    0.000159519    0.000245119    0.000198103
    0.000340032    0.000371365    0.000355511
              0              0              0
    0.000101793   -0.000118025     0.00010939
   8.28306e-005    0.000138316    0.000158947
  -1.84492e-005  -1.11349e-005    0.000208777
    0.000476466    0.000485933     0.00166081
     0.00114826    0.000932116     0.00346412
     0.00224978     0.00128312     0.00512978
     0.00321085     0.00149383     0.00732633
     0.00442583      0.0015793     0.00850215
     0.00500126     0.00141679      0.0110622
     0.00556466     0.00110451      0.0129815
     0.00531161    0.000588187      0.0175108
     0.00509966  -7.88967e-005      0.0216788
     0.00396209   -0.000727574      0.0297276
     0.00290524     -0.0017022      0.0372996
     0.00103494    -0.00228187       0.049605
   -0.000935523    -0.00346055      0.0610739
    -0.00403148    -0.00320541      0.0776928
    -0.00608059    -0.00473898      0.0916022
    -0.00855144    -0.00332885       0.109659
     -0.0108856    -0.00514779       0.123396
     -0.0128085    -0.00313318       0.138667
     -0.0145929    -0.00477519       0.149265
     -0.0155761    -0.00227336       0.158493
     -0.0162667    -0.00362117       0.162996
     -0.0151676    -0.00181042       0.163798
     -0.0155653    -0.00231228       0.162028
     -0.0147548    -0.00162439        0.15619
     -0.0140841    -0.00140965       0.149816
     -0.0129677    -0.00102849       0.139951
     -0.0119932   -0.000705123       0.129992
     -0.0107842   -0.000550124       0.117338
    -0.00963545   -0.000190013       0.104866
    -0.00837002   -0.000147025      0.0903147
    -0.00708304    0.000231677      0.0760794
    -0.00576392    0.000202414      0.0606851
    -0.00434494    0.000603398      0.0457117
    -0.00302107    0.000457355      0.0315856
    -0.00155535    0.000865352      0.0180368
  -5.59077e-005    0.000116101       0.008619
    0.000636185    0.000692189    0.000672675
    0.000615441    0.000653585    0.000648308
              0              0              0
    0.000324286    0.000387866    0.000940128
   1.89205e-005    0.000671416     0.00026512
     0.00139663     0.00082659     0.00352468
     0.00124186     0.00167592     0.00386505
     0.00332371     0.00143744      0.0072098
      0.0032737     0.00220125     0.00760098
     0.00512385     0.00151862      0.0111588
     0.00542453     0.00229513      0.0101673
     0.00547999    0.000795193      0.0177159
     0.00625534     0.00165949      0.0141257
     0.00409917   -0.000506244      0.0299262
     0.00547671    0.000504411      0.0227308
    0.000969095    -0.00206384      0.0497641
     0.00293568   -0.000889993      0.0385754
    -0.00413709    -0.00318161      0.0776221
    -0.00240061    -0.00146035       0.063982
    -0.00883648    -0.00355352       0.109376
    -0.00687072    -0.00140617      0.0958776
     -0.0131642    -0.00347631       0.138282
     -0.0118217    -0.00149301       0.127816
     -0.0158171    -0.00271471        0.15805
     -0.0154255    -0.00103006       0.153613
     -0.0154034    -0.00213078       0.163517
     -0.0150815    -0.00147325       0.165282
     -0.0148746    -0.00177001       0.156051
     -0.0156431    -0.00196561       0.162349
     -0.0130358    -0.00110786       0.139876
     -0.0140515    -0.00139055       0.149803
     -0.0108149   -0.000585608       0.117306
     -0.0119741     -0.0008875       0.129774
    -0.00836062   -0.000143201      0.0903213
    -0.00961849   -0.000432365        0.10459
    -0.00568619     0.00026495      0.0607533
    -0.00700011   7.64748e-006      0.0758243
    -0.00282464     0.00058898      0.0317316
    -0.00405232     0.00037054      0.0454503
    0.000117325    0.000342389     0.00885671
   -0.000305078  -9.64077e-005      0.0169879
   2.07437e-005   3.86047e-005   2.43672e-005
              0              0              0
  -4.18197e-005   1.05142e-006   -0.000217062
    0.000198614   -0.000496064    0.000450283
  -3.65174e-005    -0.00131915     0.00113308
     0.00040266    -0.00122776     0.00297476
    0.000385145    -0.00148001     0.00568681
     0.00142937    -0.00111348     0.00887056
     0.00154896    -0.00101703        0.01435
     0.00208246   -0.000944212      0.0195224
     0.00178185   -0.000747253      0.0285433
     0.00139692    -0.00094279      0.0370392
    0.000563415   -0.000674235      0.0501714
   -0.000677882   -0.000970159      0.0626868
    -0.00187273   -0.000461631       0.079291
    -0.00383506   -0.000723642      0.0950741
    -0.00525674   -0.000273584       0.111814
    -0.00742963   -0.000431381       0.127918
    -0.00883042   -0.000193583       0.141038
     -0.0107476   -0.000252658       0.153846
     -0.0118852    -0.00034065       0.160131
     -0.0131442   -0.000345724       0.166498
     -0.0137913   -0.000891471       0.164812
     -0.0140989   -0.000924574       0.163627
     -0.0140439    -0.00131317       0.156697
     -0.0136979    -0.00131247       0.150126
     -0.0130929    -0.00147338       0.139728
     -0.0123132    -0.00141223       0.129525
     -0.0113818    -0.00142772       0.116702
     -0.0103539    -0.00132677       0.103981
    -0.00927822     -0.0013096      0.0893906
    -0.00811543    -0.00120281      0.0748873
    -0.00703051    -0.00126074      0.0594347
     -0.0057935    -0.00118187      0.0441286
    -0.00480746    -0.00138135      0.0299099
    -0.00355568    -0.00135287      0.0159397
    -0.00265707    -0.00157462     0.00707782
    -0.00151323    -0.00156096    -0.00155339
   -0.000490362   -0.000494651   -0.000464113
  -9.25177e-005   -0.000110842  -4.92094e-005
  -3.76527e-005  -4.47476e-005  -2.55708e-005
   1.16157e-006   1.42966e-006   2.57864e-006
   1.22841e-006   1.38908e-006   2.49362e-006
              0              0              0
    0.000558374    -0.00020954     0.00168065
    0.000347201   -0.000626731     0.00138813
     0.00192881    0.000275005     0.00477642
     0.00142118   -0.000464796     0.00482302
     0.00390554    0.000711606     0.00947537
     0.00315597  -8.57417e-005      0.0106692
     0.00499409    0.000602237      0.0169989
     0.00376075   -0.000163792      0.0207641
      0.0044572   7.86279e-006      0.0300521
     0.00271274   -0.000580298      0.0377313
     0.00221357   -0.000851248      0.0506107
     0.00011971    -0.00107893      0.0628413
    -0.00158078    -0.00174069      0.0784714
    -0.00376293    -0.00142407      0.0945587
    -0.00620963    -0.00239909       0.109984
    -0.00799217    -0.00155577       0.126908
     -0.0105927     -0.0026787       0.138694
     -0.0117015    -0.00153222       0.152621
     -0.0138094    -0.00259612       0.157911
     -0.0141307    -0.00146455       0.165396
       -0.01515     -0.0022746       0.163389
     -0.0147238    -0.00153056       0.163005
     -0.0148139    -0.00192648       0.155983
     -0.0140321    -0.00154834       0.149841
     -0.0134865     -0.0016233       0.139437
     -0.0124767    -0.00144487        0.12942
     -0.0115596    -0.00133343       0.116635
     -0.0104244     -0.0012584       0.103969
    -0.00928515    -0.00105103      0.0894907
    -0.00810382    -0.00105949      0.0749535
    -0.00677751   -0.000780329      0.0597802
    -0.00564107   -0.000920226      0.0443278
    -0.00411492   -0.000535196      0.0306664
    -0.00316037    -0.00088952       0.016366
    -0.00155197   -0.000353216     0.00823281
   -0.000903683   -0.000894053   -0.000920165
   -0.000210303   -0.000184025   -0.000201191
  -7.90372e-005  -9.41194e-005  -5.78033e-005
  -2.25873e-005  -2.59444e-005  -2.03777e-005
              0              0              0
  -3.17045e-006   -0.000208803   -0.000131506
    0.000156812   -0.000132157    0.000505505
    0.000176213   -0.000328952     0.00120176
     0.00095039  -4.99401e-005     0.00272314
     0.00162059    0.000244842     0.00456646
     0.00285983    0.000530268      0.0065423
      0.0037151    0.000730754     0.00943963
     0.00467369    0.000733598        0.01208
     0.00489817    0.000689908      0.0170498
     0.00505458    0.000376563      0.0217657
     0.00447358    0.000195167      0.0302164
      0.0037024   -0.000367092      0.0383242
     0.00238104   -0.000561035      0.0508931
     0.00066676     -0.0012733      0.0629639
    -0.00127898    -0.00138662      0.0788567
    -0.00380332    -0.00209869       0.094097
    -0.00591741    -0.00209319       0.110329
    -0.00853749    -0.00257789       0.125982
     -0.0103695    -0.00248334       0.138904
     -0.0125621    -0.00268129       0.151486
     -0.0137482    -0.00257653       0.157929
     -0.0149957    -0.00245461       0.164369
     -0.0152581    -0.00242191       0.163222
      -0.015283    -0.00208686       0.162396
     -0.0149085    -0.00206026       0.155834
     -0.0143434    -0.00177652       0.149552
     -0.0135544    -0.00171824       0.139346
     -0.0126322    -0.00148236       0.129309
     -0.0116048    -0.00139524        0.11658
     -0.0104898    -0.00119522       0.103953
    -0.00933271    -0.00110612        0.08944
    -0.00808443   -0.000917246      0.0750202
    -0.00685921   -0.000859835         0.0597
    -0.00547908   -0.000656793      0.0445289
    -0.00424293    -0.00065076      0.0305421
    -0.00276757   -0.000432467      0.0167863
    -0.00162828   -0.000425573     0.00815138
   -0.000355199   -0.000293716   -0.000336582
   3.89848e-005   8.09483e-005    7.2215e-005
  -4.38794e-005  -5.05402e-005  -3.83468e-005
  -4.11872e-005   -4.6632e-005  -3.68894e-005
              0              0              0
    0.000247413    0.000927987     0.00120337
    0.000426067    0.000340366     0.00139636
     0.00219445     0.00193453     0.00470155
     0.00203327     0.00101131     0.00442824
     0.00465579     0.00228435     0.00812668
     0.00435234     0.00149663     0.00818367
     0.00657279     0.00223922      0.0120114
     0.00602752     0.00145233      0.0132823
     0.00716484     0.00167836      0.0188638
     0.00615416    0.000844766      0.0226312
     0.00609196    0.000628654      0.0313696
      0.0045079   -0.000189017       0.038857
     0.00315982   -0.000776699      0.0512999
     0.00106296    -0.00146715      0.0630853
    -0.00159901    -0.00223678      0.0784268
    -0.00394481    -0.00269626      0.0937129
    -0.00704356     -0.0033567       0.109166
     -0.0090847    -0.00344667       0.125184
     -0.0119733    -0.00393759       0.137348
     -0.0133594    -0.00365476       0.150491
     -0.0153485    -0.00384014       0.156426
     -0.0157728    -0.00328076        0.16346
     -0.0162805    -0.00318141       0.162201
     -0.0157716    -0.00255241       0.161839
     -0.0154885    -0.00244234       0.155287
      -0.014624    -0.00197922       0.149279
      -0.013879    -0.00183134       0.139078
     -0.0127776     -0.0015212       0.129197
     -0.0117449    -0.00132094       0.116507
     -0.0105493     -0.0011385       0.103936
    -0.00930574   -0.000877592      0.0895302
     -0.0080578   -0.000779792      0.0750868
    -0.00657012   -0.000406677      0.0600342
    -0.00530852   -0.000395854      0.0447299
    -0.00354857    0.000136453      0.0312525
    -0.00237777   1.43851e-005      0.0171968
   -0.000654253    0.000551087     0.00911146
    0.000151776    0.000251401    0.000201413
    0.000316596    0.000328852    0.000329686
              0              0              0
   -0.000141954   4.44586e-005   -0.000414175
   -0.000120755    0.000374365  -5.98329e-005
  -9.09659e-005     0.00124853     0.00103589
    0.000958351     0.00151998     0.00290473
     0.00207771     0.00185799     0.00444563
     0.00322839     0.00210612     0.00649483
     0.00476311      0.0021859     0.00683366
     0.00563017     0.00228952     0.00963415
     0.00689024     0.00210295     0.00934288
     0.00701419     0.00201838      0.0143067
     0.00763053      0.0014894      0.0149919
     0.00688594     0.00124899      0.0234141
     0.00663403    0.000416122      0.0270282
     0.00496568   6.83416e-005      0.0394321
     0.00359136   -0.000921968      0.0479495
    0.000993241    -0.00125394      0.0635246
    -0.00156332    -0.00234493      0.0780168
    -0.00436305    -0.00248478      0.0939116
    -0.00728284    -0.00336894        0.11245
    -0.00973816    -0.00334294        0.12514
      -0.012573    -0.00386189       0.143838
      -0.014157    -0.00365658       0.150239
     -0.0160424    -0.00367852       0.164061
     -0.0163129    -0.00338527       0.163084
     -0.0165045     -0.0028891       0.167977
     -0.0160831     -0.0027171       0.161553
     -0.0156587    -0.00222556       0.159224
     -0.0148416    -0.00210569       0.149064
     -0.0139455    -0.00167522       0.141796
     -0.0128869    -0.00155991       0.129091
     -0.0118111    -0.00124539       0.118368
     -0.0105905    -0.00111577         0.1039
    -0.00940287   -0.000863763      0.0903133
    -0.00801929    -0.00068643      0.0751269
    -0.00666467   -0.000442247      0.0586084
    -0.00512575   -0.000189638      0.0448956
    -0.00340011   9.05683e-005      0.0258772
     -0.0019433    0.000335568      0.0175126
    0.000462577    0.000582888    0.000530177
    0.000594698     0.00061498    0.000623941
    0.000278101    0.000286128    0.000294254
              0              0              0
     0.00075558   -0.000673972     0.00278488
    0.000461671    -0.00137128     0.00222893
     0.00230898   -0.000250227     0.00771205
     0.00113831    -0.00121968      0.0084517
     0.00395223    0.000399666      0.0162963
     0.00237877   -0.000176973      0.0203111
     0.00438914    0.000864778      0.0306407
     0.00264876    0.000824671      0.0389095
      0.0032167     0.00112088       0.052403
     0.00136912     0.00156253      0.0652912
    0.000404688     0.00116736      0.0812536
    -0.00132306     0.00218799      0.0980277
      -0.003584    0.000999706       0.113324
     -0.0050181     0.00225732        0.13061
    -0.00792201    0.000540565       0.141912
    -0.00893183     0.00171372       0.155793
     -0.0116912    -0.00017543       0.160364
     -0.0122246    0.000618161       0.167437
     -0.0140144    -0.00104893       0.164659
     -0.0140853   -0.000939074       0.163595
     -0.0146407     -0.0018158        0.15615
     -0.0142303    -0.00190667        0.14954
     -0.0139226     -0.0022071       0.138932
      -0.013133    -0.00230758       0.128657
     -0.0123349    -0.00229185       0.115775
     -0.0113179    -0.00236995       0.102975
     -0.0102542    -0.00220956      0.0884367
    -0.00914809    -0.00231229      0.0738162
    -0.00789034    -0.00206697      0.0585902
    -0.00682673    -0.00228346       0.043062
    -0.00534349    -0.00189932      0.0293752
    -0.00446589    -0.00231423      0.0150054
    -0.00272675    -0.00162166     0.00700533
    -0.00207427    -0.00214919    -0.00212322
   -0.000775919   -0.000795497    -0.00077454
  -6.65735e-005  -8.58808e-005  -4.92302e-006
  -4.05893e-005  -5.04165e-005  -2.19876e-005
   3.86549e-006   4.54304e-006   6.49167e-006
   6.82903e-007   7.08197e-007    1.2505e-006
              0              0              0
   -0.000159348   -0.000204936   -0.000502194
    0.000282254   -0.000498167    0.000884407
    0.000436646   -0.000886468     0.00222595
     0.00128457   -0.000587471     0.00432567
     0.00201102   -0.000234816     0.00750761
     0.00321857    0.000162059      0.0107717
     0.00386231    0.000632437       0.016511
     0.00451928    0.000827125      0.0218028
     0.00450711     0.00124113      0.0309997
     0.00424273     0.00121259      0.0396263
     0.00350448     0.00157088      0.0528229
     0.00227715     0.00136054      0.0653664
    0.000847528     0.00166677      0.0817547
    -0.00129296     0.00130868      0.0973611
     -0.0031728     0.00137492       0.113701
    -0.00569717    0.000949038       0.129459
    -0.00764945    0.000720817       0.142091
     -0.0100107    0.000292457        0.15447
     -0.0116378    -0.00022035       0.160315
     -0.0132998   -0.000578479       0.166293
     -0.0141848    -0.00130716       0.164397
     -0.0147323    -0.00154526       0.162993
     -0.0147851    -0.00201696       0.155961
     -0.0145641    -0.00212336       0.149278
      -0.014011    -0.00232653       0.138829
     -0.0132925    -0.00232139       0.128568
     -0.0123859    -0.00235919        0.11572
      -0.011385    -0.00228614       0.102972
     -0.0103034    -0.00226499      0.0883869
     -0.0091315    -0.00215428      0.0738914
    -0.00797543     -0.0021479      0.0585078
    -0.00666303    -0.00200334      0.0432746
    -0.00548406    -0.00202373      0.0292417
    -0.00404773    -0.00182463      0.0154532
    -0.00283049    -0.00172047     0.00690454
    -0.00143374    -0.00145044    -0.00146622
   -0.000467568   -0.000461221   -0.000436792
  -8.20505e-005   -0.000101473  -4.60721e-005
  -3.23464e-005  -3.87575e-005  -2.38813e-005
   1.29525e-006   1.34851e-006    2.4086e-006
    1.4119e-006   1.39864e-006     2.306e-006
              0              0              0
     0.00100252    0.000431803     0.00249588
    0.000894988   -0.000158358     0.00235206
     0.00320228      0.0012206     0.00623579
     0.00277062    0.000477276     0.00633236
     0.00561366     0.00177528      0.0111468
     0.00501386     0.00114074      0.0125109
     0.00706268     0.00194097       0.018941
     0.00607303     0.00146179      0.0229564
      0.0068718     0.00171583       0.032319
     0.00538979     0.00143206      0.0402336
     0.00481111     0.00111986      0.0530656
     0.00288219     0.00110407      0.0654223
    0.000872968    0.000213226      0.0807981
    -0.00135834    0.000524673      0.0967813
    -0.00427229   -0.000813577       0.111806
    -0.00632093   -0.000194683       0.128421
    -0.00943448    -0.00172848       0.139756
     -0.0109571   -0.000954845       0.153254
     -0.0134842    -0.00236306       0.158167
     -0.0142257    -0.00162488       0.165233
     -0.0154688    -0.00260738       0.163032
     -0.0153128    -0.00210929       0.162398
     -0.0155105    -0.00258665       0.155279
     -0.0148767    -0.00234113       0.149006
     -0.0143813    -0.00245639       0.138553
     -0.0134455    -0.00234661       0.128469
     -0.0125474    -0.00225176       0.115664
     -0.0114475    -0.00221223       0.102965
     -0.0102892    -0.00198861      0.0885023
    -0.00910815    -0.00200162      0.0739658
    -0.00769063    -0.00163998      0.0588774
    -0.00649255    -0.00172653       0.043487
    -0.00476415    -0.00115333      0.0300202
    -0.00363812    -0.00134871       0.015891
    -0.00178149   -0.000562742     0.00801165
   -0.000866433   -0.000830348   -0.000866732
   -0.000200127    -0.00016027   -0.000185459
  -6.84215e-005  -8.16878e-005  -5.40688e-005
  -2.00118e-005  -2.20863e-005  -1.88177e-005
              0              0              0
    0.000201622   -0.000503542   -0.000225755
    0.000163153    0.000285448    0.000768516
    0.000285064    0.000378804     0.00167716
     0.00191902    0.000789972     0.00406804
     0.00285819     0.00131147     0.00619191
     0.00442255     0.00152917     0.00816998
     0.00546812     0.00183756      0.0111493
     0.00660969     0.00190947      0.0138953
     0.00704013     0.00210852      0.0190163
      0.0073588     0.00191087      0.0239049
     0.00697345     0.00200778      0.0325104
     0.00629919      0.0015194      0.0407561
     0.00505385      0.0015153      0.0533751
     0.00329478    0.000763815      0.0654569
     0.00119942    0.000662796      0.0812023
    -0.00154075   -0.000267932      0.0962503
    -0.00397579   -0.000423331       0.112168
    -0.00696841    -0.00128246       0.127457
    -0.00923066    -0.00147489       0.139979
     -0.0118649    -0.00211613       0.152117
     -0.0134515    -0.00230624       0.158197
     -0.0150843    -0.00258117       0.164235
     -0.0155795    -0.00272699       0.162884
     -0.0158525    -0.00263309        0.16181
     -0.0156055    -0.00271202       0.155143
     -0.0151747    -0.00254954       0.148729
     -0.0144481    -0.00255337       0.138467
     -0.0135929    -0.00237171       0.128365
     -0.0125935    -0.00232069       0.115609
     -0.0115053    -0.00213817       0.102956
     -0.0103404    -0.00205402      0.0884484
    -0.00907647    -0.00184512      0.0740421
    -0.00777754     -0.0017305      0.0587924
      -0.006311    -0.00144344      0.0437028
    -0.00489244    -0.00127422      0.0298955
    -0.00322835    -0.00087551       0.016323
    -0.00183851   -0.000623761     0.00794461
   -0.000342839   -0.000258534   -0.000309315
   4.03089e-005   9.18404e-005   7.33366e-005
   -3.8495e-005  -4.27237e-005  -3.54321e-005
  -3.74459e-005  -4.03019e-005  -3.41022e-005
              0              0              0
     0.00115188    0.000533914      0.0025736
    0.000352668     0.00142669     0.00183873
     0.00318695     0.00120835     0.00609309
     0.00331629     0.00212773     0.00613817
      0.0056572     0.00192195      0.0112238
     0.00615339     0.00249511     0.00974484
     0.00720385     0.00228126      0.0191665
     0.00809758     0.00264606      0.0150017
     0.00707152     0.00216399      0.0326226
     0.00852014     0.00240444      0.0246946
     0.00500399      0.0015642      0.0533554
     0.00708925     0.00171674      0.0412242
     0.00095908    0.000534169      0.0809833
     0.00358577    0.000609224      0.0655393
    -0.00436861   -0.000708329        0.11179
    -0.00178719   -0.000791278      0.0958663
    -0.00968697    -0.00184118       0.139534
    -0.00760778     -0.0020644       0.126694
      -0.013841    -0.00264097       0.157809
      -0.012714    -0.00299361       0.151181
     -0.0158134    -0.00292571       0.162657
     -0.0158516    -0.00332411       0.163388
     -0.0157296     -0.0028188       0.155024
      -0.016329    -0.00305824        0.16129
     -0.0145094      -0.002609       0.138407
     -0.0154447    -0.00273791       0.148471
     -0.0126172    -0.00234491       0.115585
     -0.0137318     -0.0024075        0.12826
     -0.0103221    -0.00204141      0.0884641
     -0.0115589    -0.00208163       0.102943
    -0.00768672    -0.00165119      0.0588781
    -0.00903965    -0.00170475      0.0741157
     -0.0046962    -0.00109428       0.030086
    -0.00612343    -0.00117451      0.0439143
    -0.00160849   -0.000392258     0.00818273
    -0.00282198    -0.00042735      0.0167357
    3.2893e-005   7.31103e-005   6.17738e-005
    0.000140185    0.000256671    0.000199568
   -1.0491e-006   -2.4218e-006  -1.32986e-006
              0              0              0
    0.000158664   -0.000309062    0.000327273
    0.000599582    -0.00111629     0.00153895
    0.000869847    -0.00110752     0.00514994
     0.00119577   -0.000836451     0.00840126
     0.00221427    0.000128454      0.0152117
     0.00311795      0.0011684      0.0216954
      0.0038471     0.00208441       0.031554
     0.00440965     0.00319027      0.0413946
     0.00415696     0.00374792      0.0548292
       0.003888     0.00461575      0.0684116
     0.00268244     0.00488787      0.0847939
     0.00156336     0.00549137       0.101363
   -0.000501237     0.00515854       0.117322
    -0.00239102     0.00516022         0.1335
    -0.00481014     0.00431872       0.145556
     -0.0070514     0.00373552       0.157782
    -0.00926922     0.00255091       0.162995
     -0.0113509     0.00152666       0.168312
     -0.0127966    0.000200623       0.165866
     -0.0141705    -0.00106058       0.163454
     -0.0145079    -0.00181386       0.156176
     -0.0148486    -0.00259302       0.148866
     -0.0144269    -0.00291572       0.138308
     -0.0140202    -0.00327544       0.127722
     -0.0131727    -0.00335844       0.114827
     -0.0123366    -0.00347198       0.101915
     -0.0112778    -0.00345955      0.0873127
     -0.0102267    -0.00347095      0.0727001
     -0.0090573     -0.0034364       0.057335
    -0.00789603    -0.00342316        0.04196
    -0.00663868    -0.00334743      0.0280136
    -0.00539518    -0.00329536      0.0140527
    -0.00399946    -0.00299829     0.00569559
    -0.00262754    -0.00273053    -0.00268412
    -0.00130158    -0.00136128      -0.001293
  -3.60538e-006  -2.37716e-005   7.44528e-005
  -1.63482e-005  -2.73404e-005   2.40816e-005
   6.95555e-006   8.17564e-006   1.04958e-005
   3.23083e-006   3.69989e-006   5.04585e-006
  -7.05608e-008   -6.7885e-008   -9.2402e-008
  -6.82903e-007  -7.08197e-007   -1.2505e-006
              0              0              0
    0.000677517   -0.000511444     0.00220826
     0.00136682   -0.000594785     0.00399537
     0.00228894  -8.10866e-005     0.00763125
     0.00339086    0.000470251       0.011048
     0.00449389     0.00129159      0.0173013
     0.00542506     0.00198265      0.0232052
     0.00584985      0.0026595      0.0326534
     0.00601989     0.00326803      0.0419637
     0.00544196     0.00366154      0.0551199
     0.00470955     0.00408238      0.0683001
     0.00309058     0.00413362      0.0843372
     0.00141865     0.00427755       0.100476
   -0.000934878     0.00386719       0.116254
    -0.00324796     0.00359363       0.132178
    -0.00580026     0.00280756       0.144205
    -0.00826641      0.0021539       0.156355
     -0.0104253     0.00116126       0.161706
      -0.012498    0.000265183       0.167133
     -0.0136837   -0.000710965       0.164998
     -0.0148142    -0.00164088       0.162885
     -0.0149948    -0.00220267       0.155772
     -0.0151674    -0.00277269       0.148632
     -0.0146649    -0.00300618       0.138154
     -0.0141683    -0.00325871        0.12765
     -0.0132793    -0.00330365       0.114794
     -0.0123959    -0.00336435       0.101923
      -0.011297    -0.00332213      0.0873584
      -0.010202    -0.00329164       0.072785
    -0.00895802     -0.0032001      0.0574902
    -0.00771847    -0.00311937      0.0421871
    -0.00633125    -0.00294089      0.0283612
    -0.00495323    -0.00277643      0.0145231
    -0.00344702    -0.00237804     0.00626924
    -0.00195903    -0.00200004    -0.00200346
   -0.000996173    -0.00102839   -0.000995353
  -5.51289e-005  -7.84491e-005  -3.48174e-006
  -3.90712e-005  -5.16711e-005  -1.43018e-005
   3.96197e-006   4.27313e-006   6.10104e-006
    1.4119e-006   1.39864e-006     2.306e-006
              0              0              0
    0.000218899   -0.000186872    0.000560139
    0.000600951  -8.82953e-005      0.0018888
     0.00159845   6.61072e-005     0.00413261
     0.00267308    0.000432323     0.00622121
     0.00404705      0.0010668     0.00979578
     0.00535801     0.00157922      0.0131368
     0.00639333     0.00218839      0.0189309
     0.00723357     0.00268564      0.0244968
     0.00735594      0.0031037      0.0335628
     0.00732143     0.00346016      0.0425471
     0.00638729     0.00359739      0.0553892
     0.00536754     0.00373321      0.0682542
     0.00335431     0.00352323      0.0839613
     0.00131282     0.00335675      0.0997501
    -0.00132657     0.00280241       0.115328
    -0.00395787     0.00231751       0.131017
    -0.00664623     0.00152539       0.142992
    -0.00929915    0.000810036       0.155063
      -0.011407  -3.78892e-005       0.160526
     -0.0134792   -0.000827442       0.166052
     -0.0144505    -0.00152648       0.164175
     -0.0154026    -0.00219669       0.162317
     -0.0154388    -0.00258431       0.155361
     -0.0154741    -0.00297142       0.148385
     -0.0148917    -0.00311513       0.137986
     -0.0143156    -0.00326817       0.127567
     -0.0133826    -0.00326921       0.114752
     -0.0124547    -0.00327872       0.101925
     -0.0113127    -0.00320026         0.0874
     -0.0101742    -0.00312817      0.0728677
     -0.0088548    -0.00297531      0.0576432
    -0.00753879    -0.00282853      0.0424118
    -0.00602899    -0.00255002      0.0287008
    -0.00452539    -0.00228012      0.0149798
    -0.00294213    -0.00181304     0.00680327
    -0.00136991    -0.00135824    -0.00138773
   -0.000715091   -0.000718756   -0.000710426
  -6.84753e-005  -8.78298e-005  -4.27013e-005
  -4.29335e-005  -5.28312e-005  -3.33343e-005
   1.52855e-006   1.44877e-006    2.2034e-006
   2.00118e-005   2.20863e-005   1.88177e-005
              0              0              0
    0.000559126    0.000399755      0.0019549
     0.00154786    0.000648222     0.00375998
     0.00312007      0.0011879     0.00626735
     0.00438801     0.00160628      0.0082924
     0.00591428     0.00206709      0.0116956
     0.00714893     0.00245987      0.0147494
     0.00808204     0.00282453      0.0202558
     0.00867621     0.00319632       0.025527
     0.00860371     0.00329577       0.034329
     0.00831643      0.0035489      0.0430467
     0.00710359     0.00330465      0.0556078
     0.00580839     0.00334946      0.0682071
     0.00345802     0.00272436      0.0835819
     0.00112232     0.00249471      0.0991083
    -0.00181292     0.00159337       0.114417
    -0.00464078     0.00115297       0.129957
      -0.007524     0.00014911       0.141786
     -0.0102426   -0.000409616       0.153863
     -0.0123809    -0.00128772       0.159343
     -0.0143569    -0.00181256       0.165035
      -0.015214    -0.00237645       0.163327
     -0.0159431    -0.00272099       0.161749
     -0.0158888    -0.00298479       0.154914
     -0.0157658    -0.00317049       0.148127
     -0.0151232    -0.00322534       0.137797
     -0.0144579     -0.0032848       0.127475
     -0.0134847     -0.0032251       0.114703
      -0.012509     -0.0031983       0.101923
     -0.0113223    -0.00306236      0.0874424
     -0.0101391     -0.0029656      0.0729509
    -0.00874079    -0.00273076      0.0578015
    -0.00735104    -0.00253683      0.0426376
    -0.00571938     -0.0021438       0.029043
    -0.00410457    -0.00179464      0.0154263
    -0.00245798    -0.00126112     0.00731956
   -0.000838113   -0.000777867   -0.000820734
   -0.000433201   -0.000399791   -0.000421324
   -5.7469e-005   -6.8147e-005  -5.02353e-005
  -3.74459e-005  -4.03019e-005  -3.41022e-005
              0              0              0
   -0.000201622    0.000503542    0.000225755
    -0.00024009     0.00129253     0.00122003
     0.00161546     0.00169611     0.00392155
     0.00324941     0.00210728     0.00631243
     0.00484611     0.00242254     0.00823866
     0.00641047     0.00264025      0.0102167
      0.0078342     0.00311742       0.013345
     0.00897577     0.00318933       0.016091
     0.00973366     0.00373386      0.0215124
      0.0100523     0.00353622       0.026401
     0.00986312     0.00394556      0.0352309
     0.00918885     0.00345718      0.0434766
     0.00784378      0.0035509      0.0560562
     0.00608471     0.00279942      0.0681379
     0.00350867     0.00244114      0.0834453
      0.0007685     0.00151042      0.0984933
    -0.00245218    0.000785021       0.113656
    -0.00544481  -7.41045e-005       0.128946
    -0.00861969   -0.000999124       0.140578
      -0.011254    -0.00164036       0.152716
     -0.0136194    -0.00249993        0.15802
     -0.0152522    -0.00277485       0.164059
     -0.0162152    -0.00331812       0.162253
     -0.0164882    -0.00322422        0.16118
     -0.0164893    -0.00351672       0.154274
     -0.0160584    -0.00335424       0.147861
     -0.0154545    -0.00346934        0.13748
     -0.0145993    -0.00328768       0.127378
     -0.0136473    -0.00328511       0.114574
      -0.012559    -0.00310259       0.101921
     -0.0113576    -0.00299322      0.0874454
     -0.0100937    -0.00278432      0.0730391
    -0.00861315    -0.00251108      0.0579609
    -0.00714661    -0.00222403      0.0428713
    -0.00533556    -0.00169493       0.029445
    -0.00367147    -0.00129621      0.0158726
    -0.00182158   -0.000581457      0.0079704
   -0.000325909    -0.00021623    -0.00028353
   4.24071e-005    9.6684e-005   7.59963e-005
  -3.63968e-005  -3.78801e-005  -3.27724e-005
    1.0491e-006    2.4218e-006   1.32986e-006
